718.3926853
692.7333975
696.6740456
772.9801091
754.8036574
713.9772217
731.1584857
777.632018
759.7125441
807.6958614
784.9701636
767.0285531
760.4866859
741.5085018
776.5527751
846.2540905
814.2329163
805.0076997
758.6878409
800.7009945
778.8283606
826.7080526
797.1177414
842.5216554
847.6429259
806.8697466
848.545717
779.3108758
802.3198588
826.5858197
822.4751363
825.0157202
854.7770292
844.1353866
843.1645813
851.5765159
818.7622714
804.3095926
846.3631697
781.0211742
850.9185114
846.2662817
852.0317613
828.2425409
841.7744626
831.1873596
822.9958293
755.5813282
857.0067372
850.9220404
797.6920115
840.1347449
852.2929098
748.8399102
825.0834135
780.231633
851.0975297
821.1443696
831.2553738
793.4873276
817.1090792
758.396856
742.978505
809.3971768
750.9162656
850.1989092
850.547642
843.1892846
790.9974334
848.2001925
728.8569137
847.2107796
810.8306064
799.9698428
817.3227462
760.2239333
845.1142124
849.0907924
758.8039782
801.7115816
779.8055823
768.6641001
825.3692653
832.6602502
832.080847
775.4700032
847.1296118
727.0170035
788.8598011
793.951556
796.1527109
753.4334296
836.0375361
740.213667
821.0891883
761.705486
777.319538
783.3095926
759.5623997
812.2197626
749.4459416
831.1334617
732.1228746
839.4302214
731.852743
757.7680462
737.9608598
733.098813
757.8896375
787.4777029
804.5688162
776.3615656
743.7680462
816.231633
800.9213988
839.5569458
757.7949952
768.6204684
786.4453
771.8591594
746.4106513
785.6942573
720.2123837
829.942573
724.5396214
711.2223292
809.8626885
804.8829002
794.0153994
740.7927494
794.5508502
721.7696503
699.9939044
798.0307988
732.319538
754.9127366
719.4975938
749.7410972
784.9185114
798.6130895
722.8511389
773.849214
823.3631697
768.3336542
730.2329163
782.3256336
706.928136
691.7176773
763.80077
752.2252166
703.6948989
780.5765159
691.5470003
791.6948989
792.376965
739.1389156
730.9351941
703.1690728
775.9233237
705.7006737
829.8014116
690.7260186
790.8264357
730.181264
719.6865576
786.8739172
755.1806224
685.1552775
784.8068656
660.6737247
800.7901829
706.4481874
741.6618543
764.8148861
810.9643888
676.0651267
777.7350016
725.4828361
737.9406481
805.1498235
741.8982996
685.28906
774.7321142
650.3946102
807.9717677
678.28906
748.9027911
797.6105229
663.6474174
760.9489894
776.9265319
746.3099134
674.7475136
811.2184793
730.2781521
699.1549567
751.7747834
650.946102
763.5912737
657.8803337
797.6490215
778.369907
719.8790504
764.9756176
772.3067052
666.0478024
733.6939365
665.4154636
695.9143407
805.7183189
702.4491498
710.358999
736.003529
652.6387552
787.6018608
794.1187039
748.0279115
716.9688803
669.7263394
748.888675
662.915624
777.298043
720.1363491
640.5470003
786.3044594
799.8803337
716.7616298
710.174206
639.7337183
721.0952839
829.9076035
696.6207892
781.7311517
715.2091755
681.9355149
738.5777992
737.9538017
709.8524222
846.750401
671.6442092
794.4010266
691.3952518
674.3054219
711.6936157
645.6153353
712.4074431
758.7067693
701.6108438
690.6859159
689.4706449
689.2149503
690.8841835
640.5280719
655.5498877
722.3785691
765.1645813
682.4395252
702.7340391
639.2787937
826.3638114
808.5251845
686.3352583
775.0811678
683.3394289
668.9419313
874.5502085
861.1809432
674.7994867
796.4825152
670.1937761
625.396856
684.2184793
646.9226821
806.418351
788.9162656
681.6214309
804.8636509
658.427334
850.9477061
624.3958935
630.6727623
741.0099455
820.1305743
657.4103304
829.9140199
648.9284568
673.3413539
781.6506256
666.6008983
706.7333975
754.8408726
653.2155919
800.0548604
908.5826115
736.2666025
635.3391081
655.5980109
661.5338466
775.6069939
878.527751
694.02342
668.0510106
671.0131537
819.1835098
658.3548284
642.834777
867.4988771
650.7385306
797.7215271
852.1799808
925.4199551
697.4719281
668.4818736
822.7718961
661.0577478
770.3435996
663.5903112
819.053898
640.6740456
640.6644209
670.2797562
644.0401027
856.1251203
823.3782483
767.2611485
852.8726339
643.897658
678.7767084
663.9441771
917.1212705
871.9743343
672.9913378
731.5931986
761.2726981
698.1979467
652.5688162
646.8235483
651.1437279
893.484761
825.4805903
673.5133141
732.7783125
883.8893167
929.493744
661.8553096
793.1475778
878.1822265
690.9063202
889.8235483
817.5068977
701.0317613
659.2287456
893.7956368
926.2999679
677.4606994
789.3108758
704.4687199
705.9656721
851.4728906
930.1520693
870.22265
918.1555983
683.0141161
890.9220404
815.1138916
709.9807507
739.4263715
875.7815207
913.5643247
660.4080847
848.0478024
781.9993584
757.7420597
937.671479
901.9817132
686.6830286
920.9284568
743.9005454
923.8395893
881.1809432
850.3676612
720.7481553
795.2572987
909.7799166
717.696503
708.0516522
909.7475136
729.0388194
907.7664421
916.3288418
727.9833173
924.7032403
905.9239654
852.2287456
763.4687199
770.238691
918.7009945
902.3676612
717.9897337
823.822265
878.9104909
747.7382098
915.5922361
903.2502406
784.341033
921.1511068
687.0660892
881.3400706
843.2954764
817.7038819
912.8334937
762.9582932
902.8668592
727.071864
804.9239654
921.2162336
837.4754572
910.4911774
896.8694257
880.387873
891.3673404
862.4786654
