0.0018500827631699323
0.0014332298741018832
0.0014012103399930534
0.0012292962090528633
0.0015571526206140881
0.0015173996405318023
0.0016913491082537258
0.0018514229045439616
0.0016132682169672978
0.0019069697603318302
0.0017097502601795636
0.001863904463810136
0.0018258760206437117
0.0016475978616770162
0.0018462018610501815
0.0019756014855355462
0.0017001426271838387
0.0019230127617699863
0.0020323980663256237
0.0018649595157166255
0.0020723321048091775
0.0018518228180453033
0.0016316242131229329
0.001682277654499552
0.0017057388341451174
0.0013012267295770008
0.0019227465153174434
0.0021073791256114287
0.0017821918905055205
0.0017123222602632717
0.0018513043727859358
0.0017743261107440716
0.0017201944786030081
0.001739178768711775
0.0019581884924086104
0.0015604250294503337
0.0017064733017247001
0.0018444273930658618
0.0018527788208483474
0.0020484768686629884
0.0016532561621643601
0.0018307552309029889
0.0017804570439918562
0.0018349737592098783
0.001695758982704492
0.0017636956829429331
0.001823060470671317
0.00198693327227376
0.0016800383740287693
0.0015929343459357521
0.0016538267626089584
0.001795624500825009
0.001657460451010675
0.002090649842094096
0.0017797354589212627
0.0019394553752551432
0.0015892040716272752
0.001695125582591425
0.0018037718476597688
0.0018866187025696223
0.0018293501513391046
0.0018529812187676497
0.0017615156848352779
0.0017585079451546397
0.001937056065470733
0.001831302553213686
0.0016416670658201521
0.0016410087067709137
0.0018317943402418732
0.0016769816262267763
0.0018139945226757531
0.0019048081975413505
0.0017906467874937867
0.0019129056613432307
0.001849452642257071
0.0017897253395586102
0.0019062041890866323
0.001606448639080887
0.0020279855945258035
0.001615109583078441
0.0017740455733220783
0.0017383652650769098
0.001687530439200717
0.0015818123879175743
0.0016792786322620767
0.0019706314991510773
0.0017548942286239252
0.0018702102377096744
0.0018721774336745438
0.0018945097847570752
0.0017487616411205372
0.0017258207392399807
0.0017381654876502085
0.001820109052141411
0.001766276221359205
0.0018440610827279815
0.001982125048509514
0.0015878655983640598
0.0018391358666865066
0.0018465624636103423
0.0018013868038900943
0.0018336402120615349
0.0016748231743184817
0.0017474930494750839
0.0017839678014664232
0.0015498570898879692
0.0017586629349435605
0.0018618912774822477
0.0020972415649528073
0.001962060974774072
0.0018456013031806395
0.0017870902200450291
0.0017615603636709318
0.0018258895200839573
0.0018153648910384996
0.0018458464587823337
0.001724030992986483
0.0017394458861155955
0.0014523700494946978
0.001539630058287818
0.001826185071676881
0.0016609515910569633
0.0016625427295010153
0.0019035400266107345
0.001715708839503656
0.0020985880926125827
0.001981877057907296
0.0018497384032562165
0.0018969010293532406
0.0019449225257824677
0.0018570194983113352
0.0017169141285876416
0.001642704212357277
0.0017557930327910141
0.0018169658267784626
0.0017822754788046377
0.0018109421045480886
0.0015324857834252974
0.0021942062378449752
0.001821585081644888
0.001968120239672019
0.0017295600349721272
0.0018064040411080707
0.001708930046659617
0.002343295363526562
0.0018506784435632264
0.0017152782481823236
0.0018091878321093396
0.001813286363720202
0.0017242224008819093
0.001779966489317355
0.001844169584669829
0.0018022683142218195
0.002017258687065183
0.0016570362585009582
0.0016201199664949318
0.0017923115147600382
0.0020304931143894198
0.0017825933260832048
0.0016442237617001778
0.0018538287928850225
0.0018555802991227493
0.001592934997512397
0.0017256101079075098
0.0017544359476519313
0.0019212324009897914
0.0017369079450206245
0.001992913500971686
0.0018268902241276933
0.0020167792205787985
0.001828872650921371
0.0017957832164514282
0.0017136947510232184
0.0016530375089241895
0.0018330995859292523
0.0018208892803565412
0.001888011669039223
0.001847107103443914
0.0021341789017333404
0.0016577743242591873
0.001864679114064728
0.0018652562998631931
0.0019195989893944431
0.0019818103238512966
0.001691791750253029
0.001831722295919892
0.0017221796835644732
0.0015927129591486759
0.0018496907463456484
0.0020595352315553564
0.0017551180383760967
0.002176754408637852
0.0017967343015506457
0.0017728776405840471
0.0017183115725070647
0.001895597929786504
0.001810848669650412
0.001864167457560026
0.0020294729094761316
0.0018240551685890288
0.0019162898456003452
0.0016060011587393905
0.0017953220774781467
0.001902055354927273
0.0015696758536642849
0.0020278647606560072
0.002057938648546911
0.0017212808084712075
0.0019227980833627554
0.001749844268535183
0.001830338094625783
0.0017155121841859044
0.0017761001072612915
0.0015400672734295286
0.0015983543701023743
0.0017744710343675233
0.0012308336723755404
0.001912081168592002
0.0018296710003279197
0.001963952573751372
0.0019156491244010014
0.0015281730752659418
0.0019926337077316035
0.0017162902349941221
0.0018644926545499695
0.0018362178865552266
0.001837320015567644
0.0017618121705253592
0.0016615784053797514
0.0018031244683708
0.0018737369961170007
0.0018254890522578571
0.0014821715146057443
0.0019247526830124951
0.0017699003542071654
0.0019410705819889191
0.0017375495027922771
0.0022600310673564173
0.001656507650912152
0.0017183638414615169
0.0019306183456350985
0.0018361141003170323
0.0016481280556478435
0.0021245406724102653
0.001583845618848065
0.0019104399987492533
0.0017880768056398886
0.0018326709225069543
0.0019169371449542047
0.0019741947209501987
0.0016653040900578575
0.001859474363930378
0.0017978100949711986
0.001780681181025797
0.0018529483940682363
0.0019560520036714423
0.001780370114405548
0.0018711904671544273
0.0017684362690616581
0.0015422378963996922
0.0017375491502220706
0.001880879850363682
0.002118418081171168
0.002287482889198116
0.0015895694038530965
0.0014484338105845197
0.0015635180048349981
0.0016625237024146193
0.0019900860818767257
0.0019925727985297664
0.0014820186310463463
0.0020283997281953857
0.0014279563511827536
0.0016346562213964957
0.0017427420359278647
0.0021425201891136078
0.0017267742755514282
0.002055663449938091
0.0015160125630185705
0.0018778430021272857
0.001410552713384128
0.0017623027635779343
0.001686277963041799
0.001837338166244845
0.0015575305044468004
0.0018959540980866521
0.002091102978699947
0.0018394344440733404
0.001800152607251719
0.0016699850425078624
0.0020106215260172994
0.0020781874031669885
0.0017831862537961544
0.0015212998984763986
0.001854841258426065
0.0018816053405404654
0.002076587954447114
0.0020958060728849663
0.0017530190123507252
0.0014788061588264137
0.0017387776280955007
0.0017606015694688938
0.002032025872499671
0.0017872770002661732
0.001803791722299119
0.0016492368691759538
0.0017592086413376915
0.0018416707834670344
0.0018088428965266276
0.0016696561915819522
0.0014340475766250335
0.0019716955626924914
0.0016327405896218025
0.001760306502294072
0.00198013304772518
0.0016875226992419388
0.002157229294503903
0.0016994772738669784
0.0017311402384216025
0.0019218890649913692
0.0016917425657650305
0.0017804741185247263
0.001742974982883124
0.001776129598909498
0.0016390338008187102
0.0016398542090652953
0.0018371846439532713
0.0017028405597739945
0.0020044528785464395
0.0015796744827321727
0.0015607026510619858
0.0017077160450516195
0.0015775901279041014
0.002016449716792544
0.00171577736837447
0.0017980514415068744
0.0017613740822544975
0.0018390732199543283
0.0015973156880708776
0.0018247124070791358
0.0017001824703762169
0.002179137297153998
0.0017660439307790304
0.001562200849618044
0.002008273917036058
0.0017929879351302762
0.0015528027824123333
0.001714096881923
0.0015965357336871402
0.002027713335961397
0.001726889018510682
0.0018920600488386637
0.0016353637939267758
0.0016785356910179335
0.0017099808078336106
0.0015747078752218616
0.002089184920085711
0.0020030298806220305
0.0017307904250009078
0.0017291785954816684
0.0016218627103826886
0.0016345296913133256
0.0013230141841688821
0.0017111837161587543
0.0018945160398285874
0.0014424894332517755
0.0016213253010020725
0.0017952450056767813
0.0016549784436535877
0.0015639694801879817
0.00176299509868616
0.0020846993215165722
0.0019499332645576467
0.001625577515366237
0.0016979083806998175
0.0018603447602028934
0.0017052964266422814
0.001562409874380937
0.0017518177966159198
0.0018364538768314042
0.0020052206345343875
0.0014135322719653844
0.0019511097250366743
0.0015462797482269225
0.00168713308078845
0.0017136159836754342
0.0017514161094249253
0.001977343334308822
0.0016914243655142814
0.0016756028447728623
0.001804976013005766
0.0016959588902608507
0.0017777809242457575
0.0014392344360647416
0.0016684191937903989
0.0014940995720965162
0.0018079915734405517
0.0017137398560068224
0.0016573505073456142
0.002003377881554579
0.0015666281642546815
0.0015050892330724752
0.0018774174689426498
0.001675395402550512
0.001894325928680865
0.001630749251454766
0.0016428271676362067
0.0016145055951629996
0.0014473753695073708
0.0017787594086380116
0.0018454647616724259
0.001553272395986216
0.001776959088209779
0.0015577027490898186
0.0012285554040309538
0.0018431016912001954
0.0014221365637573813
0.0019527614178184176
0.0017362161707215199
0.0019671971115601014
0.0020016748118908824
0.0016137689490211048
