832.7766414
898.6371446
828.6530988
893.2687666
814.5033749
892.1292698
826.3665371
837.2090407
861.0132952
915.0568623
826.423604
926.6985069
939.2141542
875.2016772
852.6741665
947.4884434
865.2376764
885.1644508
899.7034158
922.4211495
804.7349151
912.987523
915.042749
971.5641235
813.2777664
933.3704234
959.6882798
834.1709961
843.4309675
946.3816731
939.3413786
957.6852117
884.4602168
874.7498466
792.4857844
968.012477
900.1574964
926.047658
816.5880548
963.7784823
934.7592555
939.6134179
843.2076089
958.082839
954.3057885
897.4904889
862.2736756
969.7375741
881.4771937
877.4162405
968.140315
947.0247494
909.1057476
965.0621804
938.5207609
875.4193087
962.371037
927.4784209
966.8277766
852.3919002
960.2867662
974.0245449
871.9582737
946.8643894
974.8355492
906.403559
965.7361424
928.5369196
939.2697893
913.0670894
963.0047044
962.210677
804.5236245
877.4094907
911.9157292
955.8335038
965.8230722
887.4784209
928.4041726
970.8365719
889.4080589
882.1812232
922.3289016
962.2319493
928.5099202
872.6042135
944.4023318
948.4716711
885.9838413
943.6469626
970.0542033
835.7709143
869.9987728
958.0797709
893.664144
870.9007977
870.8629577
896.2593577
964.2219268
908.5232154
891.0550215
928.0834526
876.3092657
853.1992227
921.0568623
957.3626508
790.257926
853.6050317
910.8345265
840.8821845
882.1795868
913.4031499
953.0304766
888.7478012
854.7328697
933.08018
841.3886275
913.9065249
940.6152587
870.1360196
822.2614031
822.2922888
897.0928615
963.3546738
880.0912252
939.4205359
832.5250562
848.5600327
925.2413582
897.3188791
858.0386582
926.8304357
871.0212722
791.1082021
901.4528533
930.9807732
902.7686643
813.4733074
835.6091225
938.4845572
831.0875435
910.4442626
830.5277153
799.9365924
926.754551
892.3616281
900.1965637
889.4816936
893.6052362
888.0231131
768.9842504
879.2472898
913.2133361
798.8893434
808.2335856
795.3612191
857.3340151
882.5786459
856.4694211
766.2413582
760.8594805
848.6989159
882.0717938
926.5350787
768.8989568
840.822254
892.0713847
859.861935
805.6547351
826.7862549
823.6884844
866.9521375
913.6606668
755.9290243
813.8950706
861.4397627
785.6320311
832.0973614
823.2937206
855.3286971
825.0564533
840.5350787
834.5240335
813.0404991
797.5966455
817.6295766
785.047658
822.1321334
946.4542851
803.3718552
796.2190632
769.197791
851.0930661
801.8206177
931.9161383
776.087748
800.6156678
850.1466558
776.7478012
801.3321743
897.9709552
788.4845572
966.6177132
808.9478421
781.7637554
911.9218654
765.7126202
771.9275926
801.2121088
948.5532829
779.2368583
767.0959296
872.9192064
774.8281857
774.6132133
773.7087339
793.3896502
991.9997955
845.4321947
778.4336265
930.6224177
771.8124361
790.6361219
778.7682553
962.4164451
811.9269789
810.2955615
1047.53917
900.734097
794.3401514
782.8197996
847.1560646
806.2125179
800.5121702
1018.483534
868.5217836
792.7737779
1080.840663
957.27838
841.4949888
819.6835754
985.9151156
900.9644099
845.0310902
829.9263653
1056.836163
918.476171
843.744324
830.2892207
1120.703825
1013.303948
888.3763551
853.3571282
793.0278175
1122.918593
1039.394764
886.4683984
856.9691143
1102.441399
990.4671712
881.4614441
856.3914911
818.6694621
1065.36081
950.3389241
890.2609941
1080.589487
965.2982205
886.8525261
1095.895684
1044.582328
935.5017386
883.413377
1076.510329
869.9167519
1006.332788
921.1200655
1092.589691
1019.857231
924.5972592
1049.195746
982.5821231
918.5080794
1085.625281
919.9693189
964.8629577
905.1399059
718.3926853
692.7333975
696.6740456
772.9801091
754.8036574
713.9772217
731.1584857
777.632018
759.7125441
807.6958614
784.9701636
767.0285531
760.4866859
741.5085018
776.5527751
846.2540905
814.2329163
805.0076997
758.6878409
800.7009945
778.8283606
826.7080526
797.1177414
842.5216554
847.6429259
806.8697466
848.545717
779.3108758
802.3198588
826.5858197
822.4751363
825.0157202
854.7770292
844.1353866
843.1645813
851.5765159
818.7622714
804.3095926
846.3631697
781.0211742
850.9185114
846.2662817
852.0317613
828.2425409
841.7744626
831.1873596
822.9958293
755.5813282
857.0067372
850.9220404
797.6920115
840.1347449
852.2929098
748.8399102
825.0834135
780.231633
851.0975297
821.1443696
831.2553738
793.4873276
817.1090792
758.396856
742.978505
809.3971768
750.9162656
850.1989092
850.547642
843.1892846
790.9974334
848.2001925
728.8569137
847.2107796
810.8306064
799.9698428
817.3227462
760.2239333
845.1142124
849.0907924
758.8039782
801.7115816
779.8055823
768.6641001
825.3692653
832.6602502
832.080847
775.4700032
847.1296118
727.0170035
788.8598011
793.951556
796.1527109
753.4334296
836.0375361
740.213667
821.0891883
761.705486
777.319538
783.3095926
759.5623997
812.2197626
749.4459416
831.1334617
732.1228746
839.4302214
731.852743
757.7680462
737.9608598
733.098813
757.8896375
787.4777029
804.5688162
776.3615656
743.7680462
816.231633
800.9213988
839.5569458
757.7949952
768.6204684
786.4453
771.8591594
746.4106513
785.6942573
720.2123837
829.942573
724.5396214
711.2223292
809.8626885
804.8829002
794.0153994
740.7927494
794.5508502
721.7696503
699.9939044
798.0307988
732.319538
754.9127366
719.4975938
749.7410972
784.9185114
798.6130895
722.8511389
773.849214
823.3631697
768.3336542
730.2329163
782.3256336
706.928136
691.7176773
763.80077
752.2252166
703.6948989
780.5765159
691.5470003
791.6948989
792.376965
739.1389156
730.9351941
703.1690728
775.9233237
705.7006737
829.8014116
690.7260186
790.8264357
730.181264
719.6865576
786.8739172
755.1806224
685.1552775
784.8068656
660.6737247
800.7901829
706.4481874
741.6618543
764.8148861
810.9643888
676.0651267
777.7350016
725.4828361
737.9406481
805.1498235
741.8982996
685.28906
774.7321142
650.3946102
807.9717677
678.28906
748.9027911
797.6105229
663.6474174
760.9489894
776.9265319
746.3099134
674.7475136
811.2184793
730.2781521
699.1549567
751.7747834
650.946102
763.5912737
657.8803337
797.6490215
778.369907
719.8790504
764.9756176
772.3067052
666.0478024
733.6939365
665.4154636
695.9143407
805.7183189
702.4491498
710.358999
736.003529
652.6387552
787.6018608
794.1187039
748.0279115
716.9688803
669.7263394
748.888675
662.915624
777.298043
720.1363491
640.5470003
786.3044594
799.8803337
716.7616298
710.174206
639.7337183
721.0952839
829.9076035
696.6207892
781.7311517
715.2091755
681.9355149
738.5777992
737.9538017
709.8524222
846.750401
671.6442092
794.4010266
691.3952518
674.3054219
711.6936157
645.6153353
712.4074431
758.7067693
701.6108438
690.6859159
689.4706449
689.2149503
690.8841835
640.5280719
655.5498877
722.3785691
765.1645813
682.4395252
702.7340391
639.2787937
826.3638114
808.5251845
686.3352583
775.0811678
683.3394289
668.9419313
874.5502085
861.1809432
674.7994867
796.4825152
670.1937761
625.396856
684.2184793
646.9226821
806.418351
788.9162656
681.6214309
804.8636509
658.427334
850.9477061
624.3958935
630.6727623
741.0099455
820.1305743
657.4103304
829.9140199
648.9284568
673.3413539
781.6506256
666.6008983
706.7333975
754.8408726
653.2155919
800.0548604
908.5826115
736.2666025
635.3391081
655.5980109
661.5338466
775.6069939
878.527751
694.02342
668.0510106
671.0131537
819.1835098
658.3548284
642.834777
867.4988771
650.7385306
797.7215271
852.1799808
925.4199551
697.4719281
668.4818736
822.7718961
661.0577478
770.3435996
663.5903112
819.053898
640.6740456
640.6644209
670.2797562
644.0401027
856.1251203
823.3782483
767.2611485
852.8726339
643.897658
678.7767084
663.9441771
917.1212705
871.9743343
672.9913378
731.5931986
761.2726981
698.1979467
652.5688162
646.8235483
651.1437279
893.484761
825.4805903
673.5133141
732.7783125
883.8893167
929.493744
661.8553096
793.1475778
878.1822265
690.9063202
889.8235483
817.5068977
701.0317613
659.2287456
893.7956368
926.2999679
677.4606994
789.3108758
704.4687199
705.9656721
851.4728906
930.1520693
870.22265
918.1555983
683.0141161
890.9220404
815.1138916
709.9807507
739.4263715
875.7815207
913.5643247
660.4080847
848.0478024
781.9993584
757.7420597
937.671479
901.9817132
686.6830286
920.9284568
743.9005454
923.8395893
881.1809432
850.3676612
720.7481553
795.2572987
909.7799166
717.696503
708.0516522
909.7475136
729.0388194
907.7664421
916.3288418
727.9833173
924.7032403
905.9239654
852.2287456
763.4687199
770.238691
918.7009945
902.3676612
717.9897337
823.822265
878.9104909
747.7382098
915.5922361
903.2502406
784.341033
921.1511068
687.0660892
881.3400706
843.2954764
817.7038819
912.8334937
762.9582932
902.8668592
727.071864
804.9239654
921.2162336
837.4754572
910.4911774
896.8694257
880.387873
891.3673404
862.4786654
613.2800627
538.9831571
537.2816295
569.3728946
609.7254211
536.9858989
585.3035644
563.2604779
595.7285546
634.075989
633.0054837
567.0775558
676.0501371
650.8021935
597.018018
633.8832746
590.9882491
644.0638465
611.3051312
503.8409714
567.1766549
652.5413239
660.5844105
587.6415981
558.0203682
583.0990991
704.2925969
707.1496279
613.9835488
582.5483745
663.0094007
587.350568
697.8938504
651.3560517
658.6882099
672.8397963
584.613396
702.9643557
708.2694869
586.2820212
634.4704269
679.9976498
652.5264395
574.052879
564.7567568
560.528398
594.9490795
664.8256953
659.8997258
699.0074422
607.2820212
610.8625147
576.8754407
723.884058
683.3490012
665.6408147
551.8033686
579.8390129
690.9412456
706.4030552
670.7477477
611.1374853
627.230709
738.0967489
737.0332942
675.2530356
571.9451626
667.746181
693.6799843
716.9929495
568.8100274
632.6874266
633.7700744
568.0458284
705.1300431
549.5095966
593.7258128
702.7403055
595.0575793
734.092832
699.1515864
694.5550333
596.4481003
678.4578927
714.7892675
722.0258519
727.8029769
652.5859773
692.3435174
543.7344301
733.7222875
632.849197
679.6345476
733.6341559
672.9694477
667.9012926
537.5213474
549.3364669
609.5397571
627.9792401
710.4649432
720.0364277
672.4676851
721.3587936
689.9674892
654.875049
639.737172
595.0442617
580.0442617
706.0783392
722.3838621
640.7857423
737.9439875
645.2620447
580.1394438
703.0689385
633.4923619
708.4810027
705.195848
711.8421465
701.2424599
694.5781434
729.1386604
616.0141011
725.4680768
615.9921661
678.070897
738.8162946
716.364669
726.9032511
688.4069722
634.342734
697.715237
587.3920877
604.4982374
702.195848
647.4727771
711.7019193
624.7109283
684.520564
625.7156287
702.0912652
560.3822953
671.5248727
727.045045
597.315707
576.0822562
706.0661966
647.8879749
702.3713278
709.7348218
703.6243635
572.2056404
688.720329
737.3787701
700.4723854
586.8229534
597.8523306
739.3305915
725.1457109
590.7246377
633.5452409
720.7156287
645.8726988
618.7559734
700.5491579
544.5718762
698.3294164
655.7285546
709.3948296
680.978065
606.488445
612.9247944
688.7830004
745.5381904
598.457501
715.8820995
719.893067
662.2581277
680.6333725
684.0587544
615.6392479
577.9620055
697.9032511
585.3317665
667.083823
566.8656483
683.9048179
652.4273404
667.6545241
677.3658441
681.275754
569.8527223
694.5005875
576.9847239
667.3274579
668.0007834
621.8848414
697.7450059
732.1222092
561.8629064
583.2949471
587.0881316
580.2314924
648.4731688
562.7587152
611.4966706
723.7826087
635.8280454
634.2941637
591.9075597
586.0744222
700.8962005
737.2142577
726.7888758
631.9287113
658.5452409
588.2718371
607.8754407
668.0693302
630.7739914
719.6643165
704.5182139
657.9964747
650.6788092
612.662358
627.4496671
606.2683118
652.2122993
656.2209166
637.5295731
705.0779475
604.1347434
694.6474736
648.5887192
594.551508
555.7845672
635.8958089
648.4680768
588.4661183
663.8922836
588.6717587
663.2549941
636.4402664
693.2929886
637.5992949
576.907168
581.5456326
574.6408147
682.1057579
604.4124559
673.3681943
657.3983549
691.7810419
652.0509205
650.7015276
579.7089698
675.7626322
610.5699177
578.528398
625.6968273
687.1523698
613.8072855
664.7540149
649.8206032
527.212691
552.8934587
640.4731688
669.6553075
572.1676459
623.4003134
694.8926753
560.4206816
593.5828437
583.5867607
703.1774383
666.5319232
588.2855464
624.3055229
607.4892284
621.0305523
601.4195065
650.6122209
606.7665492
670.9052096
594.5256561
578.0094007
615.4218566
636.6318057
545.106933
617.4508421
537.204857
535.6239718
581.6141794
660.0152761
565.2910302
576.9929495
622.333725
594.680376
665.2734038
538.5499412
694.7038778
571.8159029
570.9396788
563.6357227
573.702311
585.8456718
558.1899726
518.702311
574.4069722
560.3497846
570.3133568
506.0591461
550.5816686
713.2424599
582.7011359
568.3772033
586.106933
595.2753623
710.724246
548.275754
582.6987857
549.3991383
734.173913
568.4061888
581.6216216
560.9670975
560.2452017
509.5092049
535.7924011
650.5048962
570.4860948
577.3090482
572.2518606
556.1269095
571.7246377
691.6192714
543.0947904
516.4911868
628.3443008
541.5965531
713.190756
636.7352135
521.9996083
546.3482178
606.7931845
680.0172346
540.3478261
583.4324324
612.9898159
572.2095574
535.2561692
527.5123384
531.8206032
506.4281238
612.1872307
551.106933
541.7434391
677.5730513
580.0654132
554.1088915
572.5233059
524.2753623
576.7708578
622.4708186
726.7148453
567.0771641
665.6079123
695.9486878
542.28868
551.7516647
712.2949471
674.1715629
695.4167646
685.0321191
645.7978848
598.306698
616.5965531
730.124951
666.448492
665.6239718
704.4712103
709.9706228
623.5315315
611.4014884
677.8347043
592.5691344
256.8264787
555.5240893
545.5389738
581.5013709
626.9408539
569.2569526
557.7849589
574.5291814
560.9439875
587.9099099
601.6447317
595.4422248
573.8484136
581.4555425
700.1974148
685.0172346
688.9569134
684.3869957
636.5460243
599.9514297
647.6459068
559.4523991
534.0411272
535.1599391
511.6123382
602.9284082
534.4668698
564.6115765
695.9177456
672.6709825
567.0342727
619.2345773
566.0213252
685.2993145
582.5399848
620.365575
605.3061691
599.5491241
699.5209444
654.8507235
699.1180503
672.4760091
725.6717441
574.6100533
694.2856055
721.7448591
663.7760853
607.3450114
671.8400609
614.0571211
665.9870526
726.7052551
613.8065499
626.5978675
713.7341965
636.0357959
624.5392232
574.6405179
597.2795126
738.501904
589.9398324
649.3838538
675.8149276
660.614623
699.6031988
706.3960396
697.6717441
695.1386139
704.658035
729.2520944
692.5277989
710.4470678
703.0906321
637.0967251
701.5932978
692.717441
702.1378522
654.9969535
676.9131759
713.0274181
675.1782178
589.6237624
668.8697639
706.8583397
677.5567403
700.9695354
649.9573496
724.8255903
700.4737243
711.5057121
693.0190404
603.3008378
616.1431835
656.0639756
676.1340442
719.2650419
698.644326
703.6686976
632.4897182
617.6923077
680.780655
644.8286367
706.7044935
608.0403656
722.3252094
650.9207921
641.3229246
695.9885758
735.5910129
705.3206398
708.8857578
696.0182788
691.8926123
742.5445545
662.3937548
718.0129474
675.3907083
718.4699162
724.102818
707.7090632
725.1721249
685.7494288
696.5178979
730.2856055
713.0753998
681.6869764
667.4836253
698.8187357
651.199543
674.1515613
614.521706
634.604722
647.4280274
634.8309216
699.6138614
641.6450876
653.9840061
693.4067022
627.5224676
666.0609292
704.2802742
718.2421935
620.8469155
680.9672506
714.8583397
714.7951257
688.0510282
714.6039604
632.3678599
694.3137852
700.6199543
710.3046458
715.073115
651.5491241
619.8392993
653.3092155
549.0571211
542.5605484
627.8583397
544.7029703
619.9116527
611.6846915
575.6565118
621.3191165
647.7052551
553.9535415
532.6702209
615.0898705
595.8027418
573.1233816
574.5734958
598.3670982
591.3305407
652.575019
582.8179741
660.3313024
484.8842346
591.2498096
534.8629094
616.3891851
611.7936024
560.4821021
543.1005331
597.5156131
531.8591013
611.4592536
601.41508
599.1736481
579.1058644
580.6191927
637.262757
626.7463823
646.2871287
635.6869764
683.6077685
636.3343488
582.3869002
599.2467631
557.199543
574.0045697
580.9969535
493.9459254
547.8743336
519.6945925
577.3191165
595.4455446
561.863671
573.341965
601.3792841
600.1744097
594.116527
613.2581874
600.5384615
614.8027418
624.1134806
612.6717441
603.1607007
630.9314547
633.9908606
634.2231531
646.3396801
627.6115765
609.1652704
634.3214014
632.3396801
639.5910129
630.8225438
613.9299315
633.6024372
648.7037319
608.5544554
604.3975628
635.3274943
612.897182
636.0327494
598.4722011
630.0060929
636.8811881
628.1805027
596.4737243
631.7578065
619.1477532
650.980198
626.1203351
625.0616908
612.5407464
633.4371668
583.0175171
610.1294745
625.6191927
602.8415842
597.2863671
598.5940594
591.1469916
625.9009901
592.2650419
550.1782178
609.2117289
574.2063976
550.6984006
511.092917
536.4813404
573.8233054
565.8926123
587.6839299
542.1706017
547.5270373
582.950495
488.6214775
591.0662605
535.7517136
567.2574257
542.9139375
515.2361005
562.7837014
497.7296268
521.3998477
520.4760091
551.1393755
489.6504189
475.2650419
493.6709825
503.3206398
482.5506474
473.8332064
524.5826352
478.8194973
499.614623
485.1622239
490.511805
476.0060929
484.2147753
465.8522468
491.7113481
485.2817974
496.7402894
451.0860625
454.9040366
434.4699162
503.1926885
473.3214014
465.1492765
453.85377
497.2520944
459.5308454
469.7570449
479.6169078
459.5544554
445.4112719
476.4470678
460.7326733
479.468393
528.5498858
449.7951257
451.1233816
490.2307692
460.2223915
486.1751714
441.3975628
461.2810358
503.0159939
494.0190404
439.1340442
451.5277989
509.956588
518.5826352
448.2658035
484.3533892
431.3373953
444.1888804
519.4676314
473.5605484
522.3648134
493.7890327
453.5818736
408.6115765
531.5026657
474.9207921
535.9040366
523.0952018
542.4714395
497.7783701
541.873572
434.3869002
505.1370906
528.0502666
554.3701447
453.8286367
577.4729627
520.7433359
588.4790556
541.0411272
511.3472963
547.6793602
578.3610053
558.1591775
495.4135567
543.2102056
565.0769231
525.9101295
581.3450114
577.936786
547.950495
582.2939832
571.5704494
488.7585682
547.8591013
569.7677075
581.654227
521.5993907
523.2536177
599.4470678
560.3000762
607.7159177
594.4013709
611.0236101
591.3145468
590.0304646
518.0761615
577.1622239
624.2452399
550.8819497
615.0
615.9634425
598.0060929
532.6732673
584.1401371
608.8819497
519.3815689
562.2444783
552.1317593
631.4006093
528.2041127
614.4067022
594.5674029
539.9634425
589.3297791
575.7448591
552.7928408
624.9299315
598.2817974
614.0464585
591.1683168
586.4341203
584.9413557
619.4440213
610.7220107
611.6915461
616.3488195
549.3290175
593.8895659
575.3054075
610.6298553
517.990099
527.4242193
497.8354912
267.7654227
599.6177047
467.0094007
567.6145711
612.4003134
573.8918919
609.1226009
475.7019193
649.195848
636.7908343
654.5844105
665.342734
675.4367411
645.0372111
672.5781434
681.4731688
707.5405405
674.800235
706.1226009
541.7156287
666.4641598
681.005092
662.2875049
607.8679984
684.9682726
698.4163729
685.4285155
560.0344693
578.1132002
699.4238151
599.0125343
680.5699177
709.018018
658.5660008
599.8942421
613.5663925
674.9670975
609.2209166
628.4727771
653.5413239
558.6490403
657.9898159
568.1457109
573.6451785
562.0085242
533.4576452
506.9994672
499.2035162
549.4523175
489.1923282
478.4011721
487.9472563
508.3793287
502.62813
531.8993074
580.7240277
499.5007991
687.6110815
697.4214172
707.142781
687.0356953
708.9248801
663.6014917
659.6867342
728.5295685
625.8364411
606.5988279
623.8454981
603.34683
586.1747469
619.7043154
653.0490144
572.5908364
581.5354289
589.0697922
567.2216303
693.4416622
601.485349
657.6110815
590.1054875
564.210975
596.6094832
626.122536
584.7511987
704.3079382
577.0351625
627.5103889
686.9627064
591.0383591
713.0644646
602.8971763
632.4848162
647.2232286
616.9120938
618.5961641
652.877464
683.5823122
716.5823122
673.194992
768.3153969
745.2658498
681.6254662
730.2972829
763.8982419
724.3963772
714.6361215
669.1742142
787.2866276
775.2967501
719.1576985
705.3724028
775.6973895
759.0351625
796.4288759
794.1880661
775.4661694
764.0729888
750.8524241
690.8961108
778.9381993
774.6925946
744.070325
763.9493873
755.9211508
608.2024507
627.8598828
597.7586574
604.7554608
607.7703783
627.5956313
648.725626
592.7272243
586.8550879
586.0660629
619.956846
570.9190197
608.7101758
632.4038359
602.0735216
585.9685669
570.326585
573.4187533
558.1081513
554.594033
564.1230687
590.5567395
581.9339371
576.2892914
588.1033564
572.6446457
548.7341502
587.709643
609.6398508
574.8247203
558.805008
522.0447523
552.7059137
576.210975
529.4102291
555.2466702
548.2306873
595.2573255
623.7448055
562.8881193
557.3654768
584.9584443
623.3873202
545.8497603
537.2338839
596.23122
635.0117208
613.0202451
597.7852957
592.1800746
538.2456047
715.5173149
701.6702184
728.088439
744.6638253
748.6137453
710.9712307
718.337773
744.6798082
723.7448055
747.0788492
730.3137986
723.0676612
757.3047416
746.9680341
745.8119339
751.6606287
729.9829515
730.3452318
724.4166223
743.9195525
738.3079382
717.1646244
745.3095365
705.4001066
735.1694193
719.9978689
725.929675
748.62813
739.7607885
753.832179
742.8002131
707.4635056
726.5412893
754.2972829
726.2306873
748.7064465
720.2003197
708.122536
748.4235482
727.7741076
730.1097496
739.319659
749.7895578
726.8700053
720.3660096
738.1779435
749.9696324
719.2445392
728.8066063
725.8748002
730.6627597
730.3212573
742.6952584
732.335642
740.9733617
699.9690996
710.3415024
685.76878
708.4890783
733.1060202
715.1731486
721.8279169
731.0207778
718.7384124
717.5876399
712.954715
699.5966969
686.5748535
716.5221097
738.0255727
693.7448055
708.0021311
728.8540224
715.6499734
742.063399
706.4597762
730.1342568
694.9941396
717.3596164
729.0458178
699.7405434
725.3942461
702.9563133
686.11561
702.0602025
695.5130527
732.1204049
693.3931806
681.1486414
682.2301545
665.3383058
720.4107619
728.7954182
718.2429409
670.8007459
711.3494939
707.2674481
672.0404901
634.3500266
644.1832712
683.6419819
685.0868407
661.0777837
690.3617475
721.9110282
637.8806606
695.6702184
660.7591902
620.0143847
632.5966969
624.2349494
687.6089505
712.8135322
587.8875866
534.0863079
573.1481087
586.9563133
580.6382525
555.1401172
526.9536494
640.0495471
648.3708045
640.3777304
593.7533298
586.7996803
664.061268
659.0927011
575.5332978
626.9685669
608.308471
611.1875333
640.2408098
613.3750666
626.7911561
637.9339371
629.2344166
635.5013319
622.2749068
567.6233351
607.4661694
584.1385189
553.4896111
563.3867874
553.8002131
603.2887587
577.8577517
575.0319659
616.1443793
580.5402238
542.8311135
527.4501865
559.6430474
582.4214172
526.503463
518.113479
561.9536494
549.8524241
578.0378263
537.3638785
556.7325519
560.6073522
540.848162
582.5700586
560.4368673
511.4363346
568.8407032
523.0495471
531.3143314
572.4453916
639.229089
573.6584976
612.9941396
555.7378796
683.0831113
685.1177411
665.5492808
663.4219499
648.1806074
673.4112946
653.5157166
667.7442728
632.2626532
635.124667
625.2056473
645.5748535
658.4938732
666.9286095
672.3148641
675.3702717
610.8961108
1209.68982
1160.919914
1100.549361
1170.645464
1217.390574
1147.984907
1119.827199
1340.963499
1087.421223
1153.436316
1274.023872
1192.880487
1191.20422
1258.713846
1212.899738
1184.702911
1178.505775
1219.888649
1178.251656
1253.765902
1206.669644
1219.433852
1186.266441
1112.207608
1158.326505
1151.868782
1137.075312
1160.853381
1156.863083
1243.106422
1045.792084
1028.719082
994.6721084
1048.619128
1104.213923
1057.991221
1018.369167
1130.539196
1154.430926
1118.281842
1115.505467
1133.36316
1124.103496
1167.668566
1147.043739
1146.131526
1112.090251
1110.71631
1174.068381
1029.186817
1085.490374
1166.826582
1148.787001
1169.805021
1053.712768
1166.211613
1092.481904
1151.727091
968.4498691
1168.160327
1074.832281
1137.953334
994.2772216
1123.79501
978.487448
1120.264901
1128.764516
1119.292777
1096.35777
1130.368089
1147.74434
1024.479285
1011.852302
1122.863083
1128.133682
1054.485292
1169.393347
1019.008779
1089.626367
944.9142153
941.3549977
1078.065301
1074.030802
1134.94317
1122.917604
984.858925
1110.25181
1105.941167
948.5214847
1078.342369
1006.178192
1113.311412
1108.188973
999.1235176
1053.470199
1012.930079
903.0375789
1069.404744
1046.67103
903.0685353
954.4929925
1083.864931
1097.906823
923.2381026
1076.354844
1005.449715
1040.418605
986.92361
976.3274295
1075.351455
867.0649931
1016.010165
968.5817034
815.3231172
987.3017095
984.0210996
885.9239181
1007.498075
865.0599107
1025.876174
952.6935161
907.1175112
942.7896196
805.8826428
948.6462344
970.9009703
990.9403974
933.4267673
843.4223009
984.372401
796.2364084
933.8535346
955.9936855
863.7788387
859.4928384
968.0012321
944.7538888
908.9273063
751.7811489
884.7035269
898.089789
758.4532574
805.6212845
914.5171723
833.6477745
663.1435392
924.6707223
948.8909595
1274.860927
1102.369321
977.0904051
1035.613738
1069.672262
933.3215771
1015.463422
1049.409672
963.3177268
1118.087941
902.7081472
1036.364392
920.6516248
918.7166179
711.6060373
687.5170183
665.5114739
703.2387186
693.8746342
661.8727861
670.4018173
988.1983675
912.8276606
888.2273217
929.8292007
902.7497305
925.9799784
948.1188973
891.6610196
907.0217157
1023.688742
960.0731557
874.5319575
902.7337132
889.8740182
1064.418451
875.5733867
870.8917296
914.025104
912.2450331
927.2553519
933.9604189
868.9092869
844.1147389
898.705221
885.8824888
897.2334822
957.1487756
869.2250116
818.6379178
855.6014169
857.9382412
827.1395349
807.1966733
898.1610966
848.833667
850.7252426
866.9842908
824.5139381
776.6938241
823.8958879
805.2547359
839.7407978
840.3446789
742.9809025
808.3220391
787.0785461
779.2219313
786.051594
800.6657939
777.4149084
803.4885261
809.1104266
764.9579547
726.1335284
769.8119513
753.5907901
773.0115509
761.3807177
787.1130448
793.8051748
782.2978592
747.9459418
793.9211458
715.5972586
766.4515632
812.8767904
691.012321
733.2410288
732.5140921
806.4296935
691.1199754
704.718312
746.3861081
733.1572463
674.1433852
898.4426305
868.6841214
832.2080702
857.667026
716.5227168
739.9642692
678.5294933
659.4061297
655.5488988
783.6182042
774.1145849
771.8826428
856.7933159
777.5758509
773.7081472
769.6403819
779.0787001
766.2022178
841.4263053
814.7464962
776.9812105
784.9684275
778.9961497
771.256122
780.9992299
837.397043
774.461574
766.7260126
761.9541044
782.9539504
774.5398121
820.8108732
781.4263053
782.1823502
764.8775604
764.9052826
808.5222547
748.0953334
768.6967503
766.192207
745.7424919
784.820884
736.9565686
774.7210842
782.4943786
728.2769136
765.8827969
783.4207608
695.6753427
765.3930387
726.7883875
751.1948252
714.2276298
772.4347759
714.6768828
755.8356692
744.5488988
728.4574157
713.666872
637.6257508
616.3690128
627.8295087
691.6941321
655.4986909
770.5792392
766.6239027
773.7671338
795.5139381
727.3261974
745.1841984
763.8994302
772.3311258
720.500385
741.2833821
752.4085939
716.4198367
725.512244
755.3041737
705.3941167
733.4423225
711.9578007
771.1903588
753.8227322
689.8270445
697.8701679
739.833205
715.6260588
639.7957801
707.525797
621.0780841
709.1706453
723.359464
709.9812105
652.0317265
696.999384
698.2937009
721.9407054
598.9063607
623.2672108
686.153704
659.4329278
605.5341137
680.9536424
628.0569844
639.2753735
618.1386108
616.0961035
597.0828585
602.7931619
594.4718928
595.3674727
590.0141691
583.742954
589.9393193
593.5447405
586.9504081
591.0954874
603.115509
588.1783459
570.9681195
584.1490836
574.794394
590.538734
961.8512244
1079.94625
1157.755737
1136.358386
1342.247497
1111.367935
1118.458186
1138.336208
1132.345603
1116.686432
1150.746496
1121.545049
1152.574003
1140.166333
1143.280918
1190.903897
1160.147698
1206.989989
1130.166795
1090.345141
1143.336208
1164.547051
1068.28446
1131.59464
1047.381488
1138.499923
1149.981211
1109.733251
993.1640228
1131.462806
1136.223779
1147.965963
1139.832897
1044.307408
1146.476359
1146.588634
1153.736793
1119.336208
1131.178962
1127.54089
1040.716464
1099.79963
1114.924688
1145.036501
943.8442939
1051.642384
1108.466656
1114.848298
1069.649161
982.961343
1074.364392
1134.803943
1076.065147
1011.481596
1139.48945
1110.491298
1138.99384
1105.813645
1021.80117
1130.570615
1147.323117
1002.234868
1034.804097
1123.17927
1105.897736
1125.465424
1091.569228
1120.246265
999.9895272
1080.89712
1121.310488
1137.787155
1126.941167
1107.855229
1103.064685
1091.027876
987.0751579
1054.680117
1096.217157
917.7109195
937.5427383
962.1039581
1103.533344
1101.988141
884.8096412
1117.515324
977.8390574
1015.675189
1022.520407
933.4631141
1078.678577
895.5575235
895.2804559
906.4050516
959.500385
1079.946558
1067.466194
1082.158478
1058.406592
1025.623595
1065.56507
889.9311566
992.1954412
1004.090251
1051.703989
1027.473741
1058.503927
871.0790082
1086.079932
1063.376251
1043.919452
1011.00077
971.2228554
866.5866318
805.5874018
831.7583552
1026.739874
965.9371631
813.8541506
997.0408132
844.5391961
960.7529647
878.6597875
926.371477
886.8906515
879.0220237
955.615432
886.7486524
895.230864
795.3839519
850.9262282
885.0782381
879.3305098
859.9465578
903.9514862
792.6551671
956.2113045
804.5428923
813.8365933
839.2421069
826.5934083
848.3577699
848.358386
839.0166333
847.179886
1055.133836
926.1452333
1081.582165
918.1517018
1122.699061
1060.186047
911.5672262
904.2932389
1063.46527
1081.489758
915.1456954
987.243339
918.7021408
1026.590944
979.7237024
903.0825504
962.9035885
861.9768982
898.628369
852.4523333
978.5325735
870.6320653
836.7187741
1042.426613
900.9465578
831.1598645
1026.528723
984.4883721
996.7545049
1006.924842
851.1720314
944.4366241
849.0868628
800.743416
987.0167873
966.9796704
953.1567842
842.0560604
833.2113045
776.6713384
834.8278146
783.9892192
903.0047744
808.192669
931.9542584
805.8067149
784.9402433
867.2853843
766.8010165
888.9584168
782.2633605
812.0365008
894.9282304
805.4569536
855.7343293
857.4013553
789.5025412
768.3220391
858.384106
839.5339596
837.7971662
785.3472971
884.9434776
739.5541352
857.1882027
784.1135069
786.5957185
830.9137533
819.1724935
783.6816572
916.3155706
817.2656707
798.6294471
834.8661636
794.0445095
828.8170337
875.6622517
793.8563068
913.7700601
764.1834283
837.9063607
812.3217311
842.0588326
817.9377791
874.5824734
914.5221007
832.9554905
853.7786847
948.7119975
885.5556753
854.7278608
929.8889573
1105.667488
1098.426767
965.7874634
984.8452179
1126.694594
1106.542276
590.8398075
949.0151255
803.3083534
977.8023376
919.4338261
942.8659333
977.4462014
980.9621863
944.7989
816.2911653
887.4932967
983.737023
1008.465796
817.7727741
908.671021
890.2536954
874.7050533
768.5424545
909.400825
882.2320385
866.7738054
887.5806119
856.143692
932.4056377
928.6452389
897.2739773
892.7208663
864.9728429
917.5070471
925.7414919
852.8456514
824.2547267
929.8154005
937.7679615
860.68099
821.0319697
797.3465108
797.2131317
947.7346167
945.1629426
817.3650739
885.7555861
955.2103816
915.5022344
895.1986937
780.511516
927.7487109
956.6177381
935.2918529
810.0020626
969.5338604
764.0983156
975.9883121
837.823307
939.4932967
911.2306635
753.68099
941.6961155
911.7947748
886.2096941
916.1591612
914.143692
957.3100722
850.2093503
897.8212444
911.3155724
888.3726366
920.9889997
901.695428
916.1797869
961.5101409
720.2533517
979.2430388
846.9412169
946.1045033
948.239945
916.0350636
813.7229288
940.6655208
951.5211413
924.4111378
924.3066346
846.1584737
946.7693365
993.2925404
743.6503953
966.2543829
969.6761774
859.9463733
899.5207975
965.9604675
1011.372293
992.6473015
829.9274665
978.9577174
965.5534548
984.8673084
883.5864558
815.4420763
871.4984531
939.0037814
944.5568924
1016.682365
965.4434514
962.2997594
853.334823
1001.665521
897.1258164
1000.443795
914.495703
833.6459264
951.2667583
979.9480921
974.8673084
885.2904778
852.7634926
834.4534204
944.1546923
951.6603644
913.1777243
841.1203163
906.2811963
772.5874871
788.1701616
896.3709178
871.7449295
872.8875902
817.1443795
848.1155036
909.5486421
871.8408388
850.4025438
798.0302509
835.2653833
685.6037575
702.4010817
657.3134073
688.6020495
711.9649872
692.6134358
641.7657273
681.8383148
645.6808995
728.7102192
621.361799
713.9416453
725.8952462
754.3905494
595.5750071
705.6404782
624.0065471
592.8516937
626.8943923
636.5639055
712.8394535
767.3842869
636.2103615
735.3555366
696.3808711
576.2644463
694.5138059
753.9168802
773.4526046
702.8636493
776.9091944
705.6937091
659.6697979
717.8656419
758.000854
679.2986052
763.0569314
737.5972104
728.7210362
730.2627384
703.2968972
683.6057501
748.852263
751.3222317
739.1989752
736.010817
703.765158
597.1491603
762.6159977
628.3748933
649.6350697
675.3196698
667.4019357
653.8035867
585.5567891
683.7902078
719.186735
672.5089667
682.4958725
572.714489
596.1158554
615.6783376
701.9920296
759.1403359
605.8542556
664.3820097
655.823228
677.440649
605.127811
680.2633077
730.4053516
738.951893
622.8388841
691.8306291
730.8428693
639.9385141
809.7247367
740.411614
713.2305722
797.35269
778.6048961
678.1947054
807.8462852
636.9553467
649.8413631
625.2287505
611.2777125
614.1782217
614.8613396
606.938112
539.2957305
620.7794751
625.8550725
605.9114767
537.155895
605.1010576
605.6976107
608.1974148
601.911085
587.070897
587.1284763
566.6615746
560.5902859
545.6901684
601.181747
570.8437133
596.2365844
571.7085781
598.0258519
582.6639248
561.3482178
584.2381512
513.9529965
585.1045828
546.6368978
544.9400705
561.17783
561.4018801
570.5518997
573.0387779
566.2275754
563.4578927
546.6603995
548.1934978
554.6878183
554.7485311
518.480611
518.6325891
528.3924794
538.3697611
527.568351
499.0344693
492.2640031
490.5417156
507.8237368
555.8770074
552.5949863
501.8084606
499.4010967
510.1974148
516.8448884
493.181747
487.1668625
497.4187231
474.2197415
536.1202507
475.8683901
474.2851547
476.2346259
486.0329025
494.6709753
496.3368586
492.3611438
522.7500979
494.631414
508.7677242
522.7191539
515.3619271
524.2659616
546.4943204
542.7054446
564.2816295
538.8507638
565.8703486
558.0885233
590.1304348
579.9220525
536.6854681
582.1241676
576.5162554
589.591461
610.5409322
629.4618096
541.5812769
566.2181747
579.8773991
620.9377203
603.7779083
564.7720329
623.0665883
650.5107716
595.408539
629.1617705
608.2064238
653.5930278
603.8985507
616.3274579
656.8566392
587.3168821
637.7963181
621.3834704
593.4308656
657.5597336
663.4786526
654.8934587
671.1574618
642.0658049
645.4101058
618.324716
650.1684293
545.8597728
657.9663141
655.5264395
672.6114375
628.0795143
600.3145319
635.2710537
655.3815119
592.9428124
655.6741089
672.1269095
675.46651
634.2405014
657.4202899
671.902076
664.0951821
606.6897767
664.4320407
656.3744614
641.2197415
671.5405405
626.4210732
640.9502546
660.9157854
640.4430082
664.0086173
628.083823
637.9126518
630.0614963
589.5127301
658.764199
623.7563651
630.213866
660.6247552
655.5389738
652.3231492
572.8609479
609.5938112
609.302781
653.475519
635.5174305
595.0846063
640.5844105
651.3909127
632.5812769
615.0411281
586.5769683
427.737243
418.1706017
471.2307692
492.1972582
517.0076161
594.6610815