780.2910429
794.9434154
802.8302461
797.0398376
807.077899
797.5371733
790.8003045
820.7348389
803.2699822
807.6564324
778.164679
774.9781781
817.1111393
791.3575235
777.9578787
815.1905608
806.7490485
802.035524
828.4151231
829.0068511
822.7812738
777.4816037
787.2215174
793.8738899
793.2392794
791.4473484
756.8104542
828.7906623
779.1136767
811.6143111
782.7660492
819.7274803
810.8500381
809.800812
780.5605176
782.8642477
801.2786095
778.354986
795.0563309
702.6747019
799.4706927
718.47932
790.9040853
788.2867293
786.0581071
778.5595027
775.4146156
788.6013702
805.7399137
779.8376047
811.9040853
811.7487947
803.9241309
745.7607206
787.9868054
754.9545801
730.3329104
788.1205278
774.9751332
776.2235473
764.6899264
794.0025374
775.5983253
746.9073839
776.015732
686.3476275
726.0565846
792.9350419
749.7401675
751.7904085
716.1971581
763.5584877
775.8284699
740.1306775
734.087795
792.8634864
771.7231667
759.0837351
807.1915757
777.0271505
765.330373
807.8183202
798.0205532
735.0728242
771.5189038
791.8013195
762.3646283
755.9007866
748.4351687
779.6980462
783.6604923
706.5237249
673.876681
774.2600863
723.2240548
745.8538442
759.9883278
770.9578787
752.7188531
696.8365897
775.0746004
720.2557726
792.4554682
735.2994164
701.6577011
655.5803096
735.5282923
773.0948998
720.5249937
811.3892413
689.0268967
666.3889876
740.7597057
691.5704136
579.4547069
632.5308297
703.113423
637.3273281
736.0213144
798.8571429
636.6399391
599.4818574
597.2978939
609.991119
620.7371226
625.0464349
601.1712763
662.798782
626.1905608
618.3981223
598.2149201
639.2628774
674.8477544
683.3506724
687.5107841
651.2933266
720.21695
778.8216189
697.6790155
666.5516366
698.7424512
798.6280132
789.6302969
774.836336
759.4006597
782.1590967
750.496067
722.4805887
721.0852575
793.1484395
807.6835828
725.6412078
689.0837351
702.4823649
791.0537935
769.6693878
741.3125364
734.5677357
791.5753158
782.468999
801.4349854
747.3300292
754.7887269
776.1865889
778.1760933
785.7568513
789.2404276
736.4003887
786.6169096
784.9605442
759.7473275
728.5391642
799.4336249
786.3102041
740.01069
782.1543246
789.9240039
799.6627794
789.5002915
789.6404276
766.5201166
788.7148688
779.9877551
732.1428571
794.1442177
753.8349854
771.8532556
779.5154519
777.4244898
767.97862
799.2202138
776.4623907
785.5043732
742.5570457
764.0116618
788.0594752
785.2452867
789.2334305
749.3461613
769.7078717
793.2050534
757.7622935
740.8695821
782.9304179
778.9467444
783.0349854
763.8674441
791.6075802
766.1451895
783.3000972
759.3591837
782.7006803
774.4983479
781.4196307
737.5405248
789.1751215
756.4868805
762.7984451
756.6730807
774.3539359
754.1175899
778.7269193
751.6283771
753.6182702
772.5906706
752.858309
775.7125364
784.4693878
729.5998056
766.5484937
729.6608358
785.5323615
764.6765792
774.8674441
752.0412051
763.3784257
766.9469388
772.7496599
762.0009718
745.6520894
763.0969874
744.64276
752.916035
774.1471331
702.7757046
784.6631681
776.5208941
703.8062196
757.0717201
731.238484
788.1980564
748.2231293
770.3766764
778.1834791
702.541691
753.0429543
671.2293489
717.5440233
758.4653061
779.1451895
734.1788144
733.8375121
674.372206
721.370068
782.907483
789.0835763
659.2003887
677.7881438
745.9832847
672.2950437
699.1236152
758.3030126
755.3226433
717.4703596
760.5197279
723.3611273
761.9867833
777.2097182
774.4703596
706.8394558
701.2868805
633.0853256
710.9092323
770.5475219
728.6386783
745.8674441
737.668999
776.8132167
752.5385811
707.903207
725.2336249
708.8202138
753.7867833
745.0909621
670.5448008
709.498931
667.086103
721.9275024
759.245481
654.8137998
655.3014577
770.8765792
649.0198251
669.840622
713.3875607
711.2746356
637.4660836
754.4408163
665.9039845
720.690379
631.2962099
684.7339164
620.6316812
722.7482993
747.3131195
718.851312
741.3061224
620.0040816
621.7955296
702.0139942
601.4
681.1706511
653.1968902
745.0820214
713.04276
596.6676385
713.3772595
730.5517979
597.7199223
605.9035957
620.1047619
583.8864917
711.0450923
593.3578231
624.8927114
605.5663751
755.7696793
672.2505345
681.5566569
733.2740525
682.9663751
658.2697765
611.4934888
581.5862002
682.7739553
748.4075802
677.9815355
652.7152575
596.4328474
636.522449
611.1731778
659.8892128
647.696793
637.0991254
592.5028183
618.2886297
644.2884354
655.4691934
584.591448
589.42138
601.7346939
685.0723032
615.45345
594.4686103
617.7448008
624.5218659
713.283965
582.3519922
607.7364431
641.8723032
688.6301263
599.9990282
583.262585
637.6921283
716.2472303
616.9805637
620.4810496
612.8608358
612.4460641
667.341691
722.4101069
646.223518
611.2876579
698.5115646
696.7424684
645.3140914
762.81069
622.6380952
632.9838678
675.3813411
705.150243
678.8548105
749.2316812
688.9034014
771.2340136
784.8025267
630.2627445
632.1216695
648.2920068
641.9936855
690.2669028
707.8040967
594.4592638
567.8556907
606.9938395
643.2042199
610.6865856
610.4657323
634.0007701
548.1113507
552.0917912
588.679347
650.1826582
665.5658401
560.2357924
593.7648237
602.460958
629.5099338
539.6302172
540.0552903
568.0371169
623.0783921
539.9280764
539.2273217
692.756507
673.3519174
637.1478515
688.4343139
702.9008163
700.7879145
684.2467598
603.0624474
634.4773607
630.0279414
698.0621108
675.4509342
574.6229591
747.1259047
678.8628177
624.4191214
718.7077933
720.7382596
661.5337485
701.4070022
734.3879818
664.0493183
728.6911294
637.3526342
587.9993267
715.336812
626.5275206
637.2561858
631.7481905
617.8929473
660.3194748
648.5679179
578.7441508
716.2642653
562.7699041
723.0185154
649.2597206
612.3364753
721.2794142
790.8326881
608.5253324
647.2210066
639.9535432
786.126578
559.1912136
625.6337317
560.9925938
536.7847164
567.0015149
659.4953711
591.7241205
696.205016
688.3718229
747.380239
534.444538
652.7187342
632.7941424
697.638613
587.1639455
608.2040061
686.2906918
591.6906245
564.9489985
626.7899344
633.6865848
605.5724625
613.0279414
657.9082646
669.575829
701.6426528
748.5584918
709.4027941
775.1575492
766.1910453
645.1755597
736.1023397
762.4808955
749.7800034
734.2029961
722.9937721
711.3105538
621.4339337
697.7968355
675.1590641
705.0239017
713.2161252
658.6675644
740.4844302
713.6758122
697.1287662
709.9114627
681.195085
706.6918027
721.6732873
697.8045784
634.9937721
692.8836896
581.6973573
716.8234304
682.1331426
768.7441508
706.0511698
703.619256
704.4911631
680.452954
708.0718734
661.0259216
757.6288504
734.5973742
787.9560739
778.419242
724.4447036
748.9996113
787.3082604
750.4674441
784.8252672
783.0017493
760.8355685
780.0225462
781.0400389
782.1655977
769.6536443
775.0586978
767.997862
783.5418853
792.2693878
728.8899903
763.2816327
774.3844509
781.4826045
787.044898
786.8309038
743.1488824
744.3994169
742.8163265
758.5846453
768.804276
783.2145773
749.4093294
742.4892128
732.4332362
773.7154519
748.3879495
751.6550049
742.7148688
777.4023324
770.9234208
776.8398445
780.2264334
757.5564626
773.0802721
705.1249757
752.5197279
780.3125364
699.8324587
740.7341108
745.5659864
750.7280855
779.7708455
732.5129252
756.3970845
785.6167153
767.2367347
763.6676385
733.9552964
711.7026239
747.8816327
726.9928086
739.0542274
763.3626822
750.3403304
775.4515063
759.5930029
747.7690962
735.4734694
714.7877551
693.4944606
703.8309038
771.2077745
771.1049563
754.6097182
733.8330418
745.0794947
757.2217687
676.4489796
677.449174
702.1827017
760.4163265
773.5173955
730.4505345
705.3898931
759.4859086
683.3411079
740.8316812
700.0231293
702.6460641
775.077551
716.4281827
728.9482993
735.0025267
670.406414
698.3720117
602.5955296
732.8868805
606.3933916
593.3854227
695.6069971
756.9788144
742.873275
757.9119534
701.5461613
734.6330418
729.2728863
693.0328474
761.8231293
674.2178814
731.7358601
725.8526725
678.5933916
652.423518
728.3162293
658.8872692
719.8221574
745.9232264
660.1043732
733.9541302
670.4505345
732.2466472
681.4793003
633.328863
705.1941691
692.3436346
609.4542274
689.4997085
719.7397473
677.750826
608.4688047
649.4485909
715.3702624
715.2429543
588.543829
575.5461613
689.5356657
667.0565598
694.2326531
700.2487852
680.4468416
685.0303207
619.4223518
723.7119534
733.2835763
636.0997085
591.5795918
728.4960155
719.2310982
709.7006803
559.548688
635.4820214
570.5057337
759.5706511
652.9092323
716.193586
587.997862
615.3992225
648.6157434
642.7172012
566.6971817
675.4289602
653.3422741
700.6204082
672.0975705
710.4058309
586.4258503
736.6707483
622.7677357
662.0172983
646.5321672
692.5068999
652.3461613
587.6783285
568.5622935
571.7560739
698.7558795
654.8565598
559.2868805
604.6658892
618.5343052
668.9739553
608.4822157
542.5393586
587.2410107
636.2423712
554.2050534
572.6347911
663.9848397
599.780758
574.7399417
596.1599611
618.1292517
598.4433431
615.7900875
622.3689018
774.3049563
631.6044704
712.0826045
614.2015549
606.5568513
782.9984451
589.4579203
673.7620991
603.9846453
588.7718173
619.3432459
576.4728863
666.3457726
603.1920311
581.9576288
585.37862
590.2198251
747.2398445
602.4546161
585.7632653
637.724587
569.3753158
665.2981535
667.85345
644.6876579
708.0478134
646.8888241
647.0505345
700.9795918
627.5941691
641.017104
663.3661808
629.2013605
622.651312
616.0310982
617.0062196
775.9681244
780.7214772
704.8547544
678.8390805
703.5642633
696.6656217
710.9143156
672.1044932
696.9049112
686.3866249
699.23093
719.7920585
666.2894462
710.9738767
697.0689655
673.9979101
685.015674
702.4231975
720.7774295
669.646813
708.0052247
705.9989551
713.9059561
683.2758621
711.4723093
690.8077325
679.1431557
689.3030303
708.5318704
729.1504702
695.4033438
713.8840125
685.2831766
675.9561129
707.9613375
679.6907001
683.7607106
697.0
672.7419018
706.0606061
666.8453501
704.6896552
693.4137931
687.4963427
674.1473354
674.2549634
689.7408568
693.245559
708.2915361
679.6718913
662.5130617
674.5726228
669.3239289
720.646813
702.2570533
701.5015674
656.9717868
662.7826541
688.2779519
697.3260188
673.3396029
692.5360502
685.8505747
673.030303
692.5872518
666.5109718
678.661442
691.0574713
679.2706374
699.1347962
684.754441
640.9467085
694.3636364
676.5548589
671.0219436
674.0898642
691.3103448
685.5527691
706.6980146
685.0564263
637.7345873
741.7784744
681.5412748
684.0522466
666.3281087
667.6959248
638.308255
685.6990596
695.3552769
764.092999
672.1734587
657.1912226
684.1630094
651.5015674
642.9331243
687.5433647
688.3949843
671.0679206
712.5653083
651.9550679
649.4702194
671.5402299
678.6760711
660.3761755
699.8505747
665.1567398
696.5621735
682.30721
750.5956113
639.0783699
656.892372
682.2173459
643.5705329
674.3364681
629.8641588
669.9916405
664.1577847
628.2068966
635.3333333
679.4963427
635.4169279
693.9446186
639.4942529
666.2079415
630.7607106
659.0282132
644.9341693
651.984326
673.7753396
642.2298851
605.1525601
599.5935214
636.6248694
613.2131661
585.9184953
601.9393939
652.7784744
603.3260188
686.5830721
633.6290491
629.6123302
688.1285266
656.9571578
675.6593521
686.3782654
615.8892372
660.5590387
652.0094044
619.8840125
621.707419
586.7523511
641.7648903
657.8913271
603.1943574
588.3176594
669.6447231
622.7554859
658.5276907
644.7115987
611.9258098
587.9822362
641.6175549
582.5036573
585.5475444
612.2549634
639.0365726
621.6133751
661.3876698
595.5621735
661.691745
573.5527691
589.9101358
620.2664577
655.5611285
548.7607106
663.2852665
569.3260188
653.0229885
627.7941484
609.8787879
557.1327064
632.8098224
577.1264368
659.2633229
635.2246604
528.23093
550.630094
642.5350052
642.0950888
645.6551724
517.6583072
644.4326019
566.5297806
654.1024033
587.2580982
641.6844305
729.1588297
630.2142111
550.6980146
554.0804598
638.2539185
578.8683386
618.0647858
638.539185
579.8568443
654.5454545
680.8672936
594.8631139
662.430512
506.2089864
642.5663532
584.6426332
668.261233
668.4817137
610.446186
623.2706374
550.138976
676.7471264
661.5276907
601.799373
797.9414838
621.3814002
548.0240334
571.69279
570.8516196
592.3061651
539.8986416
508.8641588
519.0815047
696.8234065
555.7628004
748.6760711
649.5903866
548.4670846
617.9717868
625.0114943
558.2810867
650.2863114
611.2121212
635.7763845
620.7063741
649.6447231
595.2601881
604.892372
667.0532915
613.0898642
544.3772205
679.6572623
547.2737722
684.2779519
661.3406479
654.5506792
667.8213166
627.4137931
678.3009404
677.5036573
656.2831766
592.615465
653.8275862
656.2539185
662.0647858
690.6907001
678.3040752
696.1462905
692.0606061
698.4702194
725.753396
728.0397074
672.0982236
694.6603971
706.5726228
721.5559039
718.2821317
711.8725183
709.3009404
713.4493208
713.6123302
703.4670846
693.0125392
715.7565308
717.7774295
695.9090909
704.1525601
724.4984326
677.3134796
722.8557994
709.3855799
724.0877743
705.4326019
724.0428422
713.2758621
717.6405434
702.0637409
710.9508882
682.6353187
803.8892372
689.7408568
726.0167189
730.2298851
731.0689655
685.8965517
729.200627
715.338558
709.6071055
686.8223615
726.7857889
692.2486938
674.6165099
674.6029258
681.8840125
687.2779519
678.8401254
685.4879833
680.4649948
678.646813
665.2288401
700.6635319
702.0689655
683.1671891
656.9320794
650.8087774
656.5475444
672.0020899
688.1347962
695.6353187
681.5370951
687.0898642
854.2445141
794.5485893
677.7638454
708.6248694
716.1201672
706.7565308
695.3657262
710.8422153
690.5977011
699.7053292
711.3490073
697.8087774
695.4890282
692.7189133
720.2737722
693.0020899
689.7439916
679.7638454
661.7763845
634.2842215
682.9583622
696.4510756
590.2068008
603.7161693
674.1533657
707.2172103
588.8119362
707.165857
669.5287994
707.2886884
607.8549618
702.6231783
699.3740458
642.037474
677.7272727
729.1873699
569.3122831
688.8084663
580.6918806
681.7022901
693.2387231
652.9007634
633.6058293
612.3941707
709.1332408
644.3053435
652.3254684
618.8750867
654.6863289
710.1623872
697.3136711
671.8112422
622.4906315
666.2345593
666.2602359
554.3240805
643.2512144
607.351839
609.5086745
562.6828591
574.4642609
690.1047883
684.2581541
627.5718251
683.03678
635.5447606
666.9368494
582.1380985
557.0902151
657.0888272
569.2553782
655.1526718
652.9514226
625.5093685
632.4510756
609.9930604
607.1138099
582.2137405
657.1096461
632.1276891
659.0124913
603.7342124
556.8445524
673.9646079
746.9361554
757.5697432
712.054823
734.4427481
704.5655795
674.0353921
760.1034004
764.7841777
711.0346981
732.1283831
689.147814
690.463567
733.297016
739.2435808
749.8119362
733.3032616
659.8931298
754.4781402
717.9604441
651.6460791
730.3955586
701.943789
689.0145732
667.3136711
704.166551
683.7911173
752.4753643
745.3490632
654.4059681
695.2928522
707.07356
730.2185982
635.5995836
684.9222762
713.7002082
695.462179
710.5412908
621.6044414
743.962526
727.832755
657.3206107
640.0478834
650.8688411
746.8348369
741.6786954
666.9500347
702.4795281
717.6058293
599.8931298
614.0804997
623.6953505
732.6592644
693.6537127
689.0395559
719.3726579
634.6745316
648.1464261
698.4600972
716.315059
620.2567661
679.5822346
667.3483692
573.5884802
589.2449688
552.9125607
615.8528799
641.8417765
615.6502429
561.7689105
610.1082582
638.5399028
620.3136711
620.6176266
540.7841777
744.6689799
766.0402498
741.92644
733.1915337
772.6134629
778.0041638
764.0055517
730.4982651
754.7938931
737.999306
756.0957668
734.6224844
705.3997224
766.9548924
770.3490632
766.2831367
770.3761277
705.6280361
771.2560722
753.7938931
769.019431
755.3157529
733.5662734
720.221374
743.4656489
761.0985427
712.7238029
775.1179736
748.8258154
756.5537821
767.2519084
753.5836225
765.5517002
750.4247051
720.9895906
713.2172103
733.1519778
767.2158223
730.8625954
748.4732824
708.8084663
727.2373352
760.5412908
759.3261624
693.425399
767.5170021
730.8355309
747.7182512
766.4600972
691.8792505
694.5447606
769.4760583
718.1006246
692.8841083
765.1575295
704.7175573
747.0971548
724.2831367
701.4878557
762.8931298
748.5260236
767.2512144
719.7855656
750.8369188
774.6578765
781.0818876
783.1922276
753.129771
761.7758501
760.6467731
734.499653
755.184594
759.5530881
769.6002776
705.2581541
749.8098543
773.7015961
765.8924358
770.7758501
756.6946565
752.2470507
718.3629424
765.1394865
739.2269257
775.8265094
749.9042332
600.2359473
580.3018737
555.3768217
570.5197779
589.6696738
581.0478834
551.5711312
679.2179042
685.0083276
667.7487856
679.9944483
654.4607911
735.185982
712.6967384
684.0784178
623.4725885
667.2796669
558.2206801
580.7640527
658.7515614
649.5267176
560.3615545
554.037474
642.4712006
618.5052047
568.5870923
579.8667592
558.0242887
611.7015961
599.6335878
543.3476752
594.8598196
567.1325468
552.0603747
630.278279
694.9125607
700.925052
589.6141568
602.0083276
672.9340736
597.1325468
609.555864
641.092991
545.9500347
615.8632894
621.2526024
552.944483
665.1714087
665.4288688
635.295628
662.3726579
620.740458
550.4295628
575.222762
576.277585
698.7168633
712.1693269
670.6516308
670.6190146
677.1679389
661.0013879
667.11034
634.2068008
578.4850798
603.1221374
590.2990978
638.2741152
545.5593338
537.3317141
575.0076336
556.9389313
583.2720333
546.2519084
646.0936849
571.332408
548.7578071
598.4899375
636.9597502
635.1387925
626.6433033
632.037474
623.5697432
686.9139486
643.9666898
625.2463567
622.3636364
653.8570437
631.7848716
650.7973629
761.2685635
688.4205413
661.870229
710.1228314
672.8639833
685.2061069
667.1547536
671.7612769
667.92644
675.4045802
652.9507287
610.4913255
613.0936849
672.3664122
553.9181124
635.7605829
584.6641221
664.9653019
555.0430257
561.7800139
580.8584316
596.0992366
605.7383761
599.8820264
656.2546842
618.9410132
605.4371964
679.2505205
565.6897988
695.9125607
660.9847328
666.6544067
616.4385843
674.2380291
599.1589174
645.3941707
573.5857044
576.8813324
703.297016
554.2553782
573.1138099
651.5239417
589.5287994
634.5614157
609.5628036
560.0693963
562.8230396
569.8369188
650.6835531
709.9791811
638.5593338
680.2359473
622.9770992
590.647467
571.6932686
689.9986121
572.295628
701.054823
558.3782096
576.8584316
595.1533657
698.759195
698.0659264
698.573907
705.6884108
684.9708536
684.018043
644.6578765
677.2984039
677.7633588
705.1380985
587.7515614
610.0041638
605.3587786
597.9653019
631.8667592
608.7439278
708.1741846
719.7876475
736.3428175
619.8292852
603.5065926
601.9965302
612.0416378
652.4038862
688.0
593.6766135
586.7682165
583.9528105
606.9979181
692.295628
640.8861901
670.7938931
642.6696738
672.3247745
662.7480916
644.9986121
726.1228314
608.0499653
669.7085357
618.759889
616.1131159
698.3372658
645.9680777
689.1034004
616.3580847
651.9493407
702.5947259
641.721721
566.6127689
681.4857738
588.3615545
597.6349757
577.0326162
686.0402498
703.6620402
610.2852186
619.852186
741.5329632
621.278279
633.3539209
631.7876475
742.9833449
628.0326162
717.4552394
620.074254
618.0853574
620.3560028
718.44483
627.3837613
718.7862595
651.6835531
696.3074254
734.5294934
729.8688411
683.3740458
740.8119362
736.2498265
738.5544761
742.8133241
732.480916
688.4024983
730.1575295
676.1394865
710.6738376
719.0062457
681.4434421
710.6724497
645.462873
725.0111034
670.9021513
658.3379598
631.9555864
722.8507981
652.1367106
663.2477446
628.2664816
596.0909091
645.9604441
675.4101319
664.4024983
720.8577377
669.7807078
672.0895212
607.92644
607.8972935
629.1457321
579.111034
615.851492
670.88966
572.9042332
633.0534351
631.8556558
634.888966
636.7869535
631.759195
598.8625954
601.4302568
550.2061069
553.3400416
635.1991672
619.537821
619.054823
566.7071478
568.7751561
617.7321305
561.3997224
611.4045802
620.8070784
575.7689105
576.9986121
563.7161693
714.3074254
736.6897988
734.7564192
736.9479528
731.7661346
706.519084
737.5697432
740.425399
737.1554476
727.4330326
724.2394171
713.2741152
695.9555864
719.3310201
723.6141568
748.6273421
743.0999306
709.2165163
682.5392089
719.2789729
719.667592
697.9146426
723.6495489
735.221374
727.1880638
670.0451076
683.7168633
696.1727967
654.8445524
664.407356
734.1096461
729.5121443
659.0395559
703.0083276
701.6731437
576.7390701
602.517696
590.7696044
561.6981263
618.8181818
674.3455933
676.6502429
583.9458709
642.7328244
550.4455239
563.6897988
648.980569
557.2505205
635.5586398
545.6599584
603.9243581
609.2886884
601.6904927
593.1200555
527.2047189
572.684941
528.796669
528.3136711
528.2435808
623.4101319
545.7133935
580.3213046
544.9888966
578.3830673
568.351145
542.1797363
551.1811242
540.1006246
523.9424011
532.4531575
588.9104788
604.2845246
558.7397641
531.7244969
579.6877169
532.740458
529.4954892
547.9521166
563.3754337
602.981263
522.3317141
529.1360167
663.4670368
712.1401804
729.7154754
700.1235253
695.62873
685.4392783
684.7578071
705.4469119
677.8667592
681.7807078
616.1131159
603.092991
620.9312977
577.9104788
604.7827897
565.4198473
558.5690493
536.851492
562.870923
675.3004858
596.7869535
561.1707148
567.1325468
538.2602359
589.7689105
604.537821
586.0645385
616.5170021
561.7085357
602.5794587
584.1755725
579.8438584
658.8494101
579.5655795
551.7834837
564.9569743
562.7841777
616.7702984
599.7251908
535.6877169
553.3615545
616.5260236
548.7862595
582.2720333
541.6981263
565.4316447
559.5294934
551.5891742
534.9389313
540.3483692
658.0423317
579.8133241
598.7168633
573.6627342
580.7938931
573.8272033
663.685635
609.1415684
688.7057599
585.8077724
595.1179736
644.796669
658.9021513
611.2012491
640.7293546
694.184594
634.9791811
610.7147814
663.8022207
662.2172103
655.2005552
622.3275503
685.8112422
647.574601
616.6321999
710.8917418
665.6939625
706.5593338
698.8188758
628.03678
633.7418459
639.6544067
590.9583622
629.5052047
668.1741846
647.9854268
615.8320611
571.1762665
585.9319917
631.7647467
581.5961138
563.9555864
682.8507981
690.5121443
575.4587092
579.4718945
576.0541291
587.702984
608.9646079
600.6238723
620.5641915
658.6863289
696.4170715
696.9562804
695.1061763
585.8438584
571.8674532
590.0104094
586.55517
680.2727273
600.9174185
595.3865371
694.3247745
708.6148508
682.5718251
623.0804997
694.9673838
609.3969466
583.3580847
606.2409763
718.175318
683.5926435
653.9680303
704.1175662
728.7882434
661.4489515
710.5843933
681.7645239
580.9807494
736.0759711
716.1976624
653.7713991
693.5177037
594.3791681
655.7218976
681.4919216
721.6974905
668.2110691
577.2952905
623.400825
709.2406325
695.8243383
699.5802681
710.3224476
726.1014094
610.840495
677.8848402
639.2970093
704.7751805
689.7342729
728.7349605
629.56033
704.6555517
585.001375
700.1309728
577.0904091
658.5462358
675.8095565
724.0618769
666.2268821
652.7091784
669.4255758
606.9274665
671.6617394
612.1148161
721.4269508
684.3471983
670.1842558
621.7325541
694.455483
595.2585081
641.297353
690.2107253
685.2540392
594.8494328
682.8841526
648.2481953
707.4822963
721.0106566
665.8260571
663.8325885
641.584737
654.7105535
666.6768649
646.1220351
588.1952561
644.7823994
634.9113097
608.9016844
658.71846
613.8191818
592.2158817
651.5225163
672.0529392
667.4678584
614.4358886
622.1969749
629.2464765
662.4702647
568.0886903
611.446889
577.7504297
583.3626676
687.4523891
586.183912
665.3121348
623.3437607
600.375043
640.0972843
706.3863871
604.5565486
560.3709178
631.8979031
564.8814025
616.1454108
735.3351667
642.744242
642.1320041
578.4162943
563.6160193
574.4527329
679.8869027
645.4716397
722.6813338
655.4977656
684.663802
702.4915779
642.3530423
620.8844964
577.9718116
586.5311103
585.3626676
634.08044
643.4358886
770.7067721
637.7906497
638.1375043
724.6864902
757.0113441
607.6985218
596.8250258
624.4561705
682.9288415
641.895153
648.7989
734.126504
719.6785837
615.182537
582.2763836
586.4176693
693.8071502
574.8099003
623.9429357
602.5190787
566.4286696
658.3196975
643.9168099
602.0917841
580.3365418
713.2585081
628.887934
609.369199
681.8638707
731.7194912
648.7524923
639.3599175
620.0309385
613.8016501
609.3166036
635.1405981
619.8415263
629.0959092
638.5173599
625.6204881
602.808869
644.3636989
589.5163286
563.2210382
607.4187006
770.3327604
638.5342042
633.847714
777.6727398
602.6906153
595.3554486
654.1333792
657.3334479
648.9040908
644.9034032
652.7267102
639.7989
647.7480234
788.0838776
694.7799931
757.8480578
746.7222413
663.7119285
773.9663114
761.0378137
646.5108285
719.3966999
639.3313854
792.0556892
640.3049158
619.304572
675.2832589
713.4492953
741.5785493
765.6380199
695.2536954
637.4702647
642.3939498
632.831901
648.8205569
659.4530767
788.0931592
774.8745273
700.2316947
678.7487109
683.2461327
682.3561361
699.1237539
699.9494672
675.9752492
692.8514954
690.0673771
772.4293572
685.6328635
748.8765899
674.3310416
675.3753867
714.5785493
672.4245445
671.2578206
667.4125129
675.9573737
669.6459264
669.0261258
741.4778274
790.2506016
751.2265383
668.1870058
757.1715366
771.9965624
730.3911997
699.023032
754.8274321
766.0278446
682.5558611
754.4272946
744.313166
774.9394981
750.2543829
772.6906153
720.4764524
775.9518735
749.2107253
785.9487796
762.7885871
758.9016844
766.9161224
782.4836714
723.2378824
742.7927123
784.3172912
781.1625988
782.2007563
777.6689584
789.7583362
757.0900653
777.2574768
772.719835
757.8514954
776.9140598
784.7927123
716.8006188
722.9738742
781.8759024
747.3753867
728.3657614
737.0151255
706.9951873
709.0825026
767.1574424
760.1337229
757.3740117
778.1330354
781.6115504
784.9003094
774.3475421
758.1326916
762.728429
738.0024063
764.3465108
780.7353042
723.4757649
745.2921966
759.9027157
714.2196631
776.2231007
760.9504985
778.1385356
732.9130285
784.9718116
763.2983843
739.247164
757.7896184
736.7490547
782.8037126
759.553111
736.6105191
713.4207631
758.1725679
780.4138879
759.7731179
723.5500172
775.3210725
758.4668271
723.9102784
771.2884153
680.3575112
710.6730835
747.4434514
667.6679271
749.6053627
700.976968
673.1155036
672.7218976
738.6600206
721.6359574
700.2918529
706.4898591
734.5843933
704.2189756
752.9226538
726.8171193
718.5304228
743.9707803
695.8501203
719.0893778
717.1821932
636.464077
651.1660364
695.9546236
728.495703
750.3320729
646.5579237
660.5929873
673.624957
696.3496047
727.3306978
712.3863871
626.5317979
750.3406669
739.6490203
670.7741492
690.6473015
740.9446545
643.4764524
751.3801994
772.3623238
679.1151598
701.9872809
714.129254
773.1089722
611.5403919
705.2079752
739.0663458
616.5926435
649.2251633
710.0745961
728.5537986
716.7088347
741.1385356
700.4544517
708.4028876
693.5163286
638.1815057
690.4895153
604.6607081
729.4242008
708.0852527
705.8408388
595.6940529
720.1581299
702.1347542
692.6184256
749.3076659
669.2970093
696.8525266
611.0938467
677.3179787
637.3887934
740.087659
721.2822276
718.3688553
695.9219663
589.4534204
820.8596196
809.204511
828.4819054
759.9478202
756.9242552
820.0082478
810.6493856
757.1498064
763.2671267
736.6118499
765.6817034
769.6049487
821.3719912
781.5029456
745.2639286
797.6535937
756.6712675
762.8023902
659.4011109
717.7232789
812.2932166
718.6955058
772.3201481
687.492173
779.1683218
709.4325871
768.9622959
811.4038041
714.5357684
723.1716883
646.9437805
780.6860798
796.9732368
771.2842956
754.5835718
652.5265107
672.614038
767.5628682
777.2565225
761.0038714
736.2709981
751.3866352
738.5739774
733.6710991
717.2132638
709.8313415
823.936711
717.0368625
808.984851
805.9038882
793.6495539
826.1937384
692.4721427
818.2300959
805.7108231
777.9449588
812.0981316
664.0483084
709.1967682
642.2095607
800.1230433
725.7934691
753.5807103
815.019862
748.9264434
827.1479549
727.7946474
811.1151321
744.3724962
823.9932671
801.8724121
819.8887393
801.3396735
827.0971217
783.0664871
822.717051
783.8926107
759.6419795
793.5552937
693.3575156
727.2551759
784.6330584
745.8710655
743.4692813
800.0471301
739.1262414
769.8717388
690.7771419
746.9018684
720.9998317
742.2886719
712.0343377
745.7111597
738.1243898
697.6015822
668.8784716
680.3257027
712.9387309
721.7938058
690.6849015
684.2447399
654.9128093
698.3868036
674.5504124
690.6158896
674.790271
743.3280592
682.9930988
672.0639623
686.2708298
732.8560848
724.1753913
706.4623801
688.5931661
749.185154
777.1730348
651.5273523
682.3433765
727.9365427
719.521966
687.9626326
744.7594681
722.0550412
641.5679179
774.2672951
659.7252988
736.1647871
763.5300454
746.7586265
692.2186501
783.3390002
673.8857095
764.3581889
685.7091399
719.1294395
854.4687763
808.2085507
680.088369
784.5145598
694.0262582
844.8348763
771.653257
833.1272513
756.4413398
708.1779162
822.1962633
720.8427874
721.9250968
794.9232452
811.258879
806.1580542
675.0949335
764.9365427
775.9229086
651.6615048
763.3834371
763.4554789
703.3829322
703.9872075
779.3496044
633.8680357
705.6076418
627.253661
694.9326713
641.6781687
642.8202323
678.990069
644.9740784
823.547046
701.3061774
719.8633227
857.8326881
714.3684565
747.7263087
740.2918701
844.9644841
810.1235482
832.4899849
834.1381922
732.5497391
742.9675139
735.2770577
826.2560175
799.3277226
775.7279919
780.970207
753.6263255
656.4837569
704.4303989
637.0799529
617.868709
754.253156
611.0570611
807.0294563
664.6786736
615.239522
614.6175728
825.5394715
674.4164282
609.2408685
646.7747854
617.2095607
804.5818886
630.2745329
629.4457162
723.7958256
697.7678842
622.3453964
628.8767884
843.1868372
874.4694496
666.2831173
661.4243393
702.4123885
673.0072378
684.5786905
690.7589631
865.1881838
699.0363575
715.0708635
833.9060764
775.6645346
794.0321495
755.2083824
739.765696
749.1415587
738.6670594
737.507827
702.4948662
677.4955395
746.8545699
714.9781182
646.2063626
631.785558
776.4664198
691.9109578
644.3598721
713.9819896
627.0796162
669.550749
619.0225551
805.7088032
623.2245413
733.6509005
715.0824691
647.5249383
731.3106173
629.574321
648.1614815
604.8617284
589.0997531
641.4459259
574.6666667
635.1871605
559.8523457
572.1501235
647.2014815
600.2612346
564.454321
651.7392593
536.4696296
626.8444444
532.4059259
526.7733333
536.3723457
623.2019753
571.4849383
638.2938272
526.8780247
515.4888889
531.2167901
595.8153086
570.545679
513.4419753
480.2938272
542.3471605
558.5511111
562.7930864
562.4251852
525.5545679
546.9382716
534.0587654
533.1624691
560.0735802
550.7896296
517.4330864
575.105679
530.6641975
510.8879012
488.2582716
561.6814815
536.2844444
523.1071605
563.3891358
562.9338272
573.8375309
495.1185185
546.7002469
543.3392593
537.3145679
491.8459259
594.1679012
545.1239506
574.3116049
484.8419753
531.8162963
456.342716
455.1940741
587.4350617
500.4316049
635.9017284
514.0212346
489.1496296
538.1674074
563.2385185
527.4918519
516.8666667
637.2888889
569.857284
584.1234568
531.4804938
567.3837037
547.0375309
483.2
508.7609877
513.9758025
519.0928395
496.2854321
505.1185185
508.7476543
512.3585185
526.12
567.8725926
503.9214815
629.4671605
583.8666667
525.9792593
641.1604938
547.8044444
645.5624691
625.4335802
596.7935802
558.4711111
574.1891358
643.4548148
639.222716
634.4567901
650.9032099
637.0587654
643.5708642
514.2795062
621.8464198
652.4893827
639.6730864
658.6666667
660.7382716
520.9654321
656.702716
646.9822222
522.7520988
663.3866667
618.5777778
659.3091358
634.2641975
546.214321
621.4345679
614.1145679
650.6064198
615.6498765
659.4034568
604.2232099
616.6977778
669.0562963
620.6079012
818.8977091
765.689398
148.0186468
498.8950453
718.7863612
544.0042621
544.3766649
654.3644113
586.3686734
601.3457645
524.3292488
641.0895045
505.8156633
653.1438466
513.9754928
612.9057006
626.5428876
506.4608418
556.3851891
525.9216835
585.7027171
516.0719233
523.7037826
598.238146
488.927544
600.274374
554.328716
571.7954182
595.6425147
590.2136388
571.3217901
554.0527437
547.5743207
470.1459776
526.7714438
595.5855088
506.9099627
501.1166755
563.0484816
495.176878
486.1539691
560.4597762
562.131593
474.1614278
545.5364944
569.3814598
547.5173149
478.5338306
508.0458178
603.2354822
465.3431007
480.9866809
562.1795418
529.9323388
480.6691529
586.0058604
518.7384124
526.3095365
616.2946191
591.433138
486.8183271
499.2173681
565.3079382
596.5103889
602.839105
475.9323388
641.8124667
617.3297816
477.6052211
636.7751731
480.6345232
546.6052211
631.442195
482.0825786
625.7171018
537.5066596
499.3132658
478.1385189
663.4613745
632.9957379
606.2333511
549.3500266
551.1353223
593.433138
578.8295152
546.6110815
508.8598828
514.2871604
514.0037294
491.2258924
515.0458178
611.5189132
533.6446457
593.8625466
529.0745871
500.2301545
522.0660629
521.4938732
515.8167288
533.1752797
588.857219
613.4597762
581.387853
587.9323388
513.9403303
613.7751731
639.8891849
557.8007459
618.945658
615.3803942
651.133724
567.0207778
627.1848695
621.1955248
509.9600426
509.3841236
514.4848162
552.5572722
632.1374534
568.7213639
621.2956846
611.7698455
681.6851359
655.9413958
578.0420884
546.6419819
689.7202983
653.5764518
635.2775706
656.5807139
613.779968
634.1081513
575.9067661
664.2067128
579.9435269
532.1917954
606.8620139
607.8135322
677.2408098
663.2344166
653.0681939
632.4667022
534.2083111
656.3153969
661.5535429
637.328716
604.1044219
639.2029835
675.7607885
601.6329249
669.7895578
676.0442195
608.7820991
620.2099094
674.9520511
676.1960575
640.0852424
665.9685669
646.0767182
663.1848695
617.265317
595.7229622
638.3526905
654.9861481
666.4475226
607.7943527
567.1806074
700.5860416
625.4374001
605.5498135
568.786894
679.6393181
672.9706979
670.3867874
676.6164092
669.8875866
638.2754395
521.3489611
678.9941396
687.8977091
606.5839105
625.8918487
662.3798615
656.4555141
582.2919552
615.1182738
671.222163
651.5450186
583.4427278
707.8801279
618.2738412
611.9467235
680.7922216
700.9413958
683.2274907
603.5950986
648.2269579
683.5562067
688.0660629
671.1022909
634.725626
693.0761854
621.3617475
651.2088439
615.5013319
687.4437933
687.9968034
660.3713372
697.1545019
684.5604688
635.8604156
583.4555141
693.51252
666.5977624
605.2615876
608.3127331
708.380927
680.6957912
587.8929142
648.0602025
574.3415024
664.5370272
722.3841236
660.9120938
599.2120405
702.2685136
608.9914758
665.238146
597.5322323
656.1715503
700.582845
659.6526372
587.3692062
647.9856153
571.6169419
626.036228
701.9397975
602.1273308
534.0175812
634.9302078
653.1422483
593.2967501
708.2216303
575.3143314
617.3212573
571.1358551
651.9877464
562.4326052
551.7037826
654.9765583
593.7128396
597.9190197
592.6244006
693.34683
526.326585
632.6989877
568.4384656
563.0777837
670.8380394
579.1012254
573.2413426
643.3926478
537.2828982
537.2498668
581.0378263
638.88439
562.7975493
527.1992541
547.7783697
591.0367608
661.8646777
616.5103889
555.7677144
649.0474161
557.902504
626.5908364
547.2216303
630.6174747
659.8264787
649.8597728
652.5041128
631.0755973
634.560517
647.1445358
647.9369369
613.8679984
639.5562084
601.0191931
602.4449667
623.7336467
602.9592636
599.2953388
601.6658833
626.1386604
585.8186447
592.5714845
581.8523306
583.9056013
588.0646298
587.6666667
570.9463376
608.1370936
559.8895417
589.5041128
575.2028986
548.3756365
589.319624
563.6901684
589.1743047
508.1852722
534.6921269
524.346651
569.6474736
560.8347043
524.1629456
559.1096749
552.1041911
526.4007051
614.0195848
532.2984724
536.4512338
556.5754015
512.7344301
512.8589894
598.7121034
540.9016843
548.5550333
509.4351743
576.9439875
567.9032511
613.5922444
512.4555425
517.675284
490.8679984
606.0806894
502.119859
616.1296514
512.9204857
498.9553467
649.4285155
569.9835488
503.3184489
580.1206424
530.9835488
509.7837838
590.075989
549.1629456
595.4911868
631.479436
488.6980024
570.8045437
596.7927928
587.5507246
480.1719546
644.3443008
656.6729338
627.4398747
658.996083
533.6917352
512.5056796
565.6607912
582.4449667
667.5123384
654.5648257
660.2260086
617.0896984
569.7830004
641.2945554
583.3913043
522.5123384
650.0740306
643.6517822
530.5393655
624.6231884
567.947121
605.1676459
652.1872307
591.3787701
661.4731688
633.5836271
556.2467685
638.4582844
643.3638856
592.2021152
592.9005092
643.0630631
630.2749706
634.4512338
584.8734822
635.6106541
620.2232667
601.5095966
624.835096
578.1723463
788.0776899
815.4936404
823.271571
825.9993125
809.5720179
800.0690959
800.1698178
804.7906497
831.6180818
817.1388793
804.3740117
778.0914404
786.7383981
803.7497422
811.8418701
763.8896528
766.966999
736.2258508
808.063252
776.6748023
834.2000688
713.3771055
749.649364
740.639395
665.4544517
787.840495
703.2406325
706.1570987
707.512891
690.8542454
687.5936748
667.0849089
757.3062908
656.6359574
613.7693127
577.1182738
568.8721364
658.8183271
705.4507192
594.3724028
526.2210975
745.8012786
635.7202983
600.0149174
652.4315397
602.5716569
672.0873735
672.9829515
618.7805008
712.6105487
737.1891316
649.9467235
710.655301
728.124667
686.2781034
688.9286095
697.0649973
708.0735216
719.779968
713.2514651
749.0516782
702.5375599
729.015983
730.4294086
780.5556739
748.700586
735.5562067
745.8540224
776.5775173
734.4720298
761.868407
713.7554608
749.1784763
685.5807139
723.4683005
734.8550879
777.1236015
677.954715
685.7927544
710.6744806
693.0937666
764.4118274
737.0314331
756.6004262
655.60309
693.0905701
733.0756526
715.3431007
600.8337773
676.9632392
724.7570591
686.0506127
726.3596164
743.2557272
631.9057006
685.2067128
693.7650506
712.070325
654.1875333
709.4517848
642.839105
708.6132126
571.8801279
632.2077784
630.88439
605.2232286
557.6185402
591.6169419
699.4555141
524.4816196
633.1049547
550.6648908
645.1747469
547.3580181
605.4368673
564.9600426
530.0852424
55.61190277
498.1961442
51.3101425
465.3554065
440.8206203
518.4694049
523.3679799
543.1877619
511.2296731
519.5884325
540.9228835
541.1986588
523.8013412
509.891031
525.4592655
527.0278599
637.9881807
517.617138
520.5842127
634.2570705
492.1279021
603.528493
511.166737
637.2853525
515.9826931
518.1000422
594.8130013
683.3102575
518.095821
593.5580414
711.6563951
540.2693119
676.5276488
685.8429717
696.2680456
709.8256648
546.276488
720.3267201
602.9577881
560.3756859
667.9248628
750.4001688
673.439848
563.0147742
657.6749683
740.6441537
706.3832841
726.6070072
721.0848459
731.1570283
726.6504854
733.5044322
625.0831575
598.9818489
728.3533136
692.6196707
729.4837484
740.7087379
743.9641199
705.6948079
744.8505699
733.2237231
702.3604897
553.8138455
756.8552132
669.7555931
689.6162938
669.2773322
741.3765302
700.3431828
696.0274377
693.2883073
703.5685943
741.0616294
634.2937949
712.184466
673.6213592
661.6403546
673.7741663
618.5943436
759.1076404
614.0101309
650.1025749
626.2414521
626.2401857
719.2300549
566.3423385
593.3533136
659.7826087
511.9674968
629.35458
591.4330941
604.8286197
599.3419164
544.5597298
607.3588012
589.4905023
598.0878008
578.5559308
535.2596032
607.7285775
594.9295061
588.7809202
600.8315745
585.5331363
585.0983537
603.0911777
578.3727311
560.5255382
584.1671591
608.3030815
601.2076826
576.35458
567.3984804
622.3005488
609.5968763
599.9624314
628.648797
624.8096243
616.9046011
345.183912
447.2378824
438.0216569
420.0715022
424.3049158
411.9147473
424.2774149
326.6510828
336.7136473
312.0154692
317.0818151
323.752836
312.2182881
327.7933998
334.9590925
318.926779
332.9972499
329.583362
327.2677896
331.8374012
332.3826057
350.8164318
381.5015469
384.4757649
375.2055689
325.8294947
327.9040908
342.9594362
397.0928154
380.1601925
411.8511516
331.1691303
322.4733585
360.4420763
350.9243726
399.4400138
420.2248195
336.8085253
368.6806463
430.3420419
388.9742179
351.8030251
338.1863183
413.1735992
387.0326573
438.9889997
368.8418701
433.6311447
402.4527329
347.3609488
458.3489172
427.3760743
386.08044
395.8099003
446.1285665
455.928154
461.7322104
471.0536267
474.0536267
376.6528017
429.2021313
447.4802338
393.9144036
472.9742179
461.5617051
472.886559
456.6658646
462.9546236
471.2719147
416.3530423
395.3911997
379.4403575
363.5376418
466.91956
448.8906841
471.6555517
477.7662427
475.5527673
416.951186
391.4362324
458.2217257
438.4379512
413.7665865
444.8105878
449.689584
471.4960468
461.9003094
467.4001375
425.7483671
467.2674459
455.8831213
431.9233414
444.6311447
460.4018563
467.8566518
414.2695084
414.2437264
445.8367136
465.7775868
435.6892403
453.3781368
426.7016157
453.2186318