0.001362912364574597
0.0017257395557677324
0.0012215152313724542
0.0016960133696588121
0.0010618489740165328
0.0022202001808440575
0.0009055352854670638
0.0010509908195631688
0.0009561015456259451
0.0016995274281520186
0.0014814339669852686
0.0016824085365510857
0.0018352689392721767
0.0016316936949428715
0.0010441580480278717
0.0015515011285009653
0.0016115335757737811
0.0017983231188810436
0.0016103422870771672
0.00179178070584199
0.001418212239398146
0.0016770883841491278
0.0017186932455196713
0.0015934467377388105
0.0014405873700456778
0.001722885729543119
0.0015830546289267002
0.0016135124646692062
0.0014709421313665854
0.0017178143538072689
0.0016484811749185276
0.001690500814514074
0.0019083194012590073
0.0017171737701203052
0.001483176231200369
0.0016701999156230548
0.0017517776493271961
0.0016257632183149702
0.0014053046945587736
0.0016429847359200561
0.0016943040432224506
0.0016775180327526285
0.0015223868037260865
0.001642844756171
0.0017002623732791744
0.0016548850732481634
0.001887300971087653
0.0016528766561636128
0.0016608878573399143
0.0017995318126586668
0.0016204563255111076
0.0015912485832669002
0.0016573053024312725
0.0016559837640010226
0.0015727514510295666
0.0018392727973073311
0.0016421738868160948
0.0015686602246098057
0.001687907415385223
0.001834935470315634
0.0015977470739612248
0.0016818478501362689
0.0017827172932690185
0.0015914450333661062
0.0016245502787978192
0.0016454518178228921
0.0016135478560111468
0.0016756415170824826
0.0016476277594706544
0.0016606323986499735
0.001628034509653307
0.0016286018594316388
0.0017122912250606148
0.001711971536639449
0.0016366526128516442
0.0015781520261408683
0.0016396140875831427
0.0017277807456044527
0.0016289985040029438
0.0016220606398162597
0.00177393617532997
0.00159801991346199
0.001663367933610481
0.0016470290608780328
0.001746921682482179
0.0017133156810051364
0.0016696399634612345
0.0016628281941480996
0.0017292247678057657
0.0016048262568325688
0.0015898957626777697
0.001921556301628508
0.0018169110120660591
0.0016616396951840897
0.0016141529426013208
0.0017736191198969545
0.0016095523539949553
0.0016689652221379449
0.001636625264637557
0.001771448229758566
0.0016194081152743106
0.0017464183414416822
0.0016209851691924217
0.0017346610505991494
0.0016787884302908822
0.0016790658718119312
0.0020462084132853923
0.0017505519718996588
0.0016785931153853902
0.0015880503764545088
0.0016711530575647788
0.0015938408800857267
0.0016501376138420211
0.0018276264231650756
0.0016263796586114061
0.0017300766666717168
0.0017274771878572068
0.0016799531135325181
0.0017225904968144034
0.0015853712883077103
0.0017219746233832016
0.0018237308290856577
0.0016551792098108541
0.0015960935732739
0.0016185460139453865
0.0016773531952859043
0.0015238722538021676
0.0018391772524605503
0.0017025579879765885
0.001982692868881175
0.0015894748597980494
0.001463626179753283
0.0015375164220743983
0.002265884240796938
0.001660474870146515
0.0017333480273579896
0.0015794378118656107
0.0015178640861594629
0.0018334013868491826
0.0014717146600077013
0.0018504252668401612
0.0017700604167810521
0.0015298326941658126
0.0019560636462440622
0.0012247413021634873
0.001821826933365583
0.0018583726787714902
0.001718409680847231
0.0017673194291927007
0.0015125732160547476
0.0015144834452673935
0.0016481186641597444
0.0017491630284011159
0.001508407467162685
0.0015066177008075138
0.0016576468391443352
0.0019094722749388652
0.0018212546413350615
0.001457999976754881
0.0019879094056272214
0.0014848430011115913
0.001749792513520398
0.0019513668086983884
0.0014804409410796298
0.001492943007341755
0.0016010625241979332
0.001930777552465
0.002054563150296874
0.0020097758388102423
0.0014368749144576779
0.0017793560830772037
0.0014862678567129132
0.0014196463079100073
0.0015158253933013472
0.0016709586827932537
0.0018178151367298754
0.0014716185807622725
0.001716515246060361
0.0018976986165984346
0.0014173824196694886
0.0017931310987937077
0.0019431183495576085
0.00187516207966506
0.0014535178467749244
0.0017818372466818807
0.0022821397148841747
0.0019248736288678553
0.0018370140936494097
0.0014910787704056658
0.0014483582680694647
0.0018407104882001031
0.0019165018395983914
0.001425330443406139
0.0019209230343827236
0.0014987009938889333
0.0014783437724754226
0.0019967366661879957
0.001375072978840329
0.001839123636625875
0.0020053693599704926
0.001438019763773872
0.0019929475540220527
0.0014145438565692128
0.0015126271395916736
0.0019125338857191052
0.0014803857392545593
0.001436058366828569
0.0018760846996098378
0.0017379098920282414
0.001467896214981147
0.0014695427636185513
0.001594801448996572
0.0014307020816004712
0.0018628760122166438
0.0020773966952604556
0.002032775238834459
0.0016356144296790522
0.00146468779994927
0.0018303799339585518
0.0021205108657010455
0.0016604526997181053
0.0019000911024162944
0.0016964400071342142
0.001799528270933685
0.0014253356092197645
0.0016383866886207775
0.0014726040547654823
0.001372417949653968
0.001369240022612918
0.0016290218047951075
0.0017505875148274427
0.0016616559629181692
0.0012474691766172833
0.0017263933678990746
0.0014698518388226742
0.0016340798981793244
0.0011408909140725534
0.0014314356844259944
0.001320840240582828
0.0014028194624222017
0.0015846029284865709
0.00152066258515311
0.0011143555782933733
0.0014024522145081445
0.001945488971027852
0.0014151336600689067
0.0014028961579455723
0.0013815053180926352
0.00152060631469517
0.0014358403936931344
0.0013187813174856391
0.0012703255625288719
0.0018773337483415733
0.0014823421548968525
0.0015007265457894108
0.0011088383248624497
0.00134978527687161
0.0018332830047181844
0.001419919268728653
0.001206128054716776
0.00140774020747969
0.0017984414209752748
0.001696978730461953
0.0014089486488652616
0.0014565618128464476
0.0014361150856937437
0.0012820125787255411
0.0013339159228207638
0.0017636036163066102
0.001654925090279609
0.001415153645826769
0.0015409190628089837
0.001589788563956026
0.001535011335035892
0.001889437074498841
0.0012911464129383193
0.0015252673959685742
0.0015818678755892225
0.0016196326242329166
0.0014882131406469305
0.0017023588944216057
0.001412885665802764
0.0015761550028766454
0.0017032485944615948
0.0016582942808534933
0.001546312910789014
0.001804702822993061
0.0018500827631699323
0.0014332298741018832
0.0014012103399930534
0.0012292962090528633
0.0015571526206140881
0.0015173996405318023
0.0016913491082537258
0.0018514229045439616
0.0016132682169672978
0.0019069697603318302
0.0017097502601795636
0.001863904463810136
0.0018258760206437117
0.0016475978616770162
0.0018462018610501815
0.0019756014855355462
0.0017001426271838387
0.0019230127617699863
0.0020323980663256237
0.0018649595157166255
0.0020723321048091775
0.0018518228180453033
0.0016316242131229329
0.001682277654499552
0.0017057388341451174
0.0013012267295770008
0.0019227465153174434
0.0021073791256114287
0.0017821918905055205
0.0017123222602632717
0.0018513043727859358
0.0017743261107440716
0.0017201944786030081
0.001739178768711775
0.0019581884924086104
0.0015604250294503337
0.0017064733017247001
0.0018444273930658618
0.0018527788208483474
0.0020484768686629884
0.0016532561621643601
0.0018307552309029889
0.0017804570439918562
0.0018349737592098783
0.001695758982704492
0.0017636956829429331
0.001823060470671317
0.00198693327227376
0.0016800383740287693
0.0015929343459357521
0.0016538267626089584
0.001795624500825009
0.001657460451010675
0.002090649842094096
0.0017797354589212627
0.0019394553752551432
0.0015892040716272752
0.001695125582591425
0.0018037718476597688
0.0018866187025696223
0.0018293501513391046
0.0018529812187676497
0.0017615156848352779
0.0017585079451546397
0.001937056065470733
0.001831302553213686
0.0016416670658201521
0.0016410087067709137
0.0018317943402418732
0.0016769816262267763
0.0018139945226757531
0.0019048081975413505
0.0017906467874937867
0.0019129056613432307
0.001849452642257071
0.0017897253395586102
0.0019062041890866323
0.001606448639080887
0.0020279855945258035
0.001615109583078441
0.0017740455733220783
0.0017383652650769098
0.001687530439200717
0.0015818123879175743
0.0016792786322620767
0.0019706314991510773
0.0017548942286239252
0.0018702102377096744
0.0018721774336745438
0.0018945097847570752
0.0017487616411205372
0.0017258207392399807
0.0017381654876502085
0.001820109052141411
0.001766276221359205
0.0018440610827279815
0.001982125048509514
0.0015878655983640598
0.0018391358666865066
0.0018465624636103423
0.0018013868038900943
0.0018336402120615349
0.0016748231743184817
0.0017474930494750839
0.0017839678014664232
0.0015498570898879692
0.0017586629349435605
0.0018618912774822477
0.0020972415649528073
0.001962060974774072
0.0018456013031806395
0.0017870902200450291
0.0017615603636709318
0.0018258895200839573
0.0018153648910384996
0.0018458464587823337
0.001724030992986483
0.0017394458861155955
0.0014523700494946978
0.001539630058287818
0.001826185071676881
0.0016609515910569633
0.0016625427295010153
0.0019035400266107345
0.001715708839503656
0.0020985880926125827
0.001981877057907296
0.0018497384032562165
0.0018969010293532406
0.0019449225257824677
0.0018570194983113352
0.0017169141285876416
0.001642704212357277
0.0017557930327910141
0.0018169658267784626
0.0017822754788046377
0.0018109421045480886
0.0015324857834252974
0.0021942062378449752
0.001821585081644888
0.001968120239672019
0.0017295600349721272
0.0018064040411080707
0.001708930046659617
0.002343295363526562
0.0018506784435632264
0.0017152782481823236
0.0018091878321093396
0.001813286363720202
0.0017242224008819093
0.001779966489317355
0.001844169584669829
0.0018022683142218195
0.002017258687065183
0.0016570362585009582
0.0016201199664949318
0.0017923115147600382
0.0020304931143894198
0.0017825933260832048
0.0016442237617001778
0.0018538287928850225
0.0018555802991227493
0.001592934997512397
0.0017256101079075098
0.0017544359476519313
0.0019212324009897914
0.0017369079450206245
0.001992913500971686
0.0018268902241276933
0.0020167792205787985
0.001828872650921371
0.0017957832164514282
0.0017136947510232184
0.0016530375089241895
0.0018330995859292523
0.0018208892803565412
0.001888011669039223
0.001847107103443914
0.0021341789017333404
0.0016577743242591873
0.001864679114064728
0.0018652562998631931
0.0019195989893944431
0.0019818103238512966
0.001691791750253029
0.001831722295919892
0.0017221796835644732
0.0015927129591486759
0.0018496907463456484
0.0020595352315553564
0.0017551180383760967
0.002176754408637852
0.0017967343015506457
0.0017728776405840471
0.0017183115725070647
0.001895597929786504
0.001810848669650412
0.001864167457560026
0.0020294729094761316
0.0018240551685890288
0.0019162898456003452
0.0016060011587393905
0.0017953220774781467
0.001902055354927273
0.0015696758536642849
0.0020278647606560072
0.002057938648546911
0.0017212808084712075
0.0019227980833627554
0.001749844268535183
0.001830338094625783
0.0017155121841859044
0.0017761001072612915
0.0015400672734295286
0.0015983543701023743
0.0017744710343675233
0.0012308336723755404
0.001912081168592002
0.0018296710003279197
0.001963952573751372
0.0019156491244010014
0.0015281730752659418
0.0019926337077316035
0.0017162902349941221
0.0018644926545499695
0.0018362178865552266
0.001837320015567644
0.0017618121705253592
0.0016615784053797514
0.0018031244683708
0.0018737369961170007
0.0018254890522578571
0.0014821715146057443
0.0019247526830124951
0.0017699003542071654
0.0019410705819889191
0.0017375495027922771
0.0022600310673564173
0.001656507650912152
0.0017183638414615169
0.0019306183456350985
0.0018361141003170323
0.0016481280556478435
0.0021245406724102653
0.001583845618848065
0.0019104399987492533
0.0017880768056398886
0.0018326709225069543
0.0019169371449542047
0.0019741947209501987
0.0016653040900578575
0.001859474363930378
0.0017978100949711986
0.001780681181025797
0.0018529483940682363
0.0019560520036714423
0.001780370114405548
0.0018711904671544273
0.0017684362690616581
0.0015422378963996922
0.0017375491502220706
0.001880879850363682
0.002118418081171168
0.002287482889198116
0.0015895694038530965
0.0014484338105845197
0.0015635180048349981
0.0016625237024146193
0.0019900860818767257
0.0019925727985297664
0.0014820186310463463
0.0020283997281953857
0.0014279563511827536
0.0016346562213964957
0.0017427420359278647
0.0021425201891136078
0.0017267742755514282
0.002055663449938091
0.0015160125630185705
0.0018778430021272857
0.001410552713384128
0.0017623027635779343
0.001686277963041799
0.001837338166244845
0.0015575305044468004
0.0018959540980866521
0.002091102978699947
0.0018394344440733404
0.001800152607251719
0.0016699850425078624
0.0020106215260172994
0.0020781874031669885
0.0017831862537961544
0.0015212998984763986
0.001854841258426065
0.0018816053405404654
0.002076587954447114
0.0020958060728849663
0.0017530190123507252
0.0014788061588264137
0.0017387776280955007
0.0017606015694688938
0.002032025872499671
0.0017872770002661732
0.001803791722299119
0.0016492368691759538
0.0017592086413376915
0.0018416707834670344
0.0018088428965266276
0.0016696561915819522
0.0014340475766250335
0.0019716955626924914
0.0016327405896218025
0.001760306502294072
0.00198013304772518
0.0016875226992419388
0.002157229294503903
0.0016994772738669784
0.0017311402384216025
0.0019218890649913692
0.0016917425657650305
0.0017804741185247263
0.001742974982883124
0.001776129598909498
0.0016390338008187102
0.0016398542090652953
0.0018371846439532713
0.0017028405597739945
0.0020044528785464395
0.0015796744827321727
0.0015607026510619858
0.0017077160450516195
0.0015775901279041014
0.002016449716792544
0.00171577736837447
0.0017980514415068744
0.0017613740822544975
0.0018390732199543283
0.0015973156880708776
0.0018247124070791358
0.0017001824703762169
0.002179137297153998
0.0017660439307790304
0.001562200849618044
0.002008273917036058
0.0017929879351302762
0.0015528027824123333
0.001714096881923
0.0015965357336871402
0.002027713335961397
0.001726889018510682
0.0018920600488386637
0.0016353637939267758
0.0016785356910179335
0.0017099808078336106
0.0015747078752218616
0.002089184920085711
0.0020030298806220305
0.0017307904250009078
0.0017291785954816684
0.0016218627103826886
0.0016345296913133256
0.0013230141841688821
0.0017111837161587543
0.0018945160398285874
0.0014424894332517755
0.0016213253010020725
0.0017952450056767813
0.0016549784436535877
0.0015639694801879817
0.00176299509868616
0.0020846993215165722
0.0019499332645576467
0.001625577515366237
0.0016979083806998175
0.0018603447602028934
0.0017052964266422814
0.001562409874380937
0.0017518177966159198
0.0018364538768314042
0.0020052206345343875
0.0014135322719653844
0.0019511097250366743
0.0015462797482269225
0.00168713308078845
0.0017136159836754342
0.0017514161094249253
0.001977343334308822
0.0016914243655142814
0.0016756028447728623
0.001804976013005766
0.0016959588902608507
0.0017777809242457575
0.0014392344360647416
0.0016684191937903989
0.0014940995720965162
0.0018079915734405517
0.0017137398560068224
0.0016573505073456142
0.002003377881554579
0.0015666281642546815
0.0015050892330724752
0.0018774174689426498
0.001675395402550512
0.001894325928680865
0.001630749251454766
0.0016428271676362067
0.0016145055951629996
0.0014473753695073708
0.0017787594086380116
0.0018454647616724259
0.001553272395986216
0.001776959088209779
0.0015577027490898186
0.0012285554040309538
0.0018431016912001954
0.0014221365637573813
0.0019527614178184176
0.0017362161707215199
0.0019671971115601014
0.0020016748118908824
0.0016137689490211048
0.0013796549784662686
0.000915870975440166
0.0009981958972520146
0.0011922081880504343
0.0012780641622701955
0.0009846028944830987
0.0009528901406511986
0.0010450904579043627
0.0009437930413169855
0.001279580224765694
0.0011859513570731323
0.0008816181150224971
0.0011994965091794325
0.0012405907377522247
0.0010450947822013418
0.0011100338413735807
0.0011951710603327322
0.0010394758739937955
0.001161171736569017
0.0010674744928294948
0.0009650556739498797
0.001255979739637062
0.0012037103145018742
0.001243389308584772
0.0011109811131284804
0.0009651320326261539
0.0013061296106942916
0.0013776105454410587
0.001310884444562336
0.000917390173834712
0.0013427732378346474
0.0012127806168778497
0.0014942185751979193
0.0014735887041864007
0.0013345878499981052
0.0013554945818684057
0.0009739651907658173
0.001381450949038964
0.001265926540004191
0.0010996733804848246
0.0013809604159391795
0.001375160511047337
0.0013310404249221414
0.0008764634218888004
0.0009621064637334164
0.0010550677095323494
0.0010751591520566748
0.0013237813220631084
0.001382553366655038
0.001305117596374817
0.001155287827649164
0.000417015442952517
0.0009223314873195909
0.0012888393597127274
0.0013504027876286109
0.0013594876448741993
0.0011123335276080005
0.001021003475626429
0.0013019029564211746
0.0013034074717109497
0.0012953654058909373
0.001149694031566
0.0012049440733839403
0.0013740527898352655
0.0013593345364240773
0.0014598254148475097
0.0009835547466231455
0.0013965018040397288
0.0014107500663182082
0.0013192388446967576
0.0009433071575858148
0.0014107299712005732
0.0012956398139048898
0.0012666649554396192
0.0013665576135793531
0.001224158935978722
0.0009100832947546303
0.0013541797741295565
0.0013844876867348632
0.0011834102217874551
0.0013717656593068537
0.0013470102773905064
0.0011974802024064665
0.0013256019132141333
0.0013149627451687102
0.0013448572605630888
0.0014470682601734216
0.001394861225668222
0.0014757078580822228
0.0013304750368994993
0.0011863358554242377
0.001423061039425029
0.0014741437750030412
0.0013696077096695418
0.0014177186845399613
0.0015336474533977572
0.0010001856862332634
0.001299937021206752
0.0011697920779517993
0.001439187529367184
0.0012446306826761257
0.0014200484683403207
0.001346865486446104
0.0013581763328578684
0.0013432669471186522
0.0013272046611770157
0.0013801805842852328
0.0012850059866381686
0.0012240062199029768
0.0013946287587072563
0.0011750669968657982
0.001491708349160694
0.001421622053390925
0.001283383255127413
0.0009622526377960914
0.0014700395154555598
0.0014716719612088004
0.0013535712469206142
0.001407256340246094
0.0011104871120684355
0.001385713985250017
0.0014264786735999203
0.0011376588264540534
0.0013344844844071521
0.0011992602824224278
0.0015392699379187386
0.0014492267947219743
0.001324046239241692
0.0012228830852533477
0.0013905795186659894
0.001502536805350218
0.0014358060926966754
0.001439467137797178
0.0010271956466224301
0.0013826431857002712
0.0014575888817756246
0.0014407959492169988
0.0006071187501423918
0.0013657294928855126
0.0013912403517749618
0.0013903367413780233
0.0013769603242636808
0.0010699219003964698
0.0014247976868657776
0.0012465988417770415
0.0013157633334441425
0.00115226623111222
0.001360412384301239
0.0014505168748821557
0.0013270847799463567
0.0013499684492378574
0.0013824025602665823
0.0012187791422529082
0.001419561768239697
0.0012931315594859186
0.0014614531493444083
0.0013064892249035694
0.0012958329689117549
0.0013662246222338
0.00108228529388118
0.0011801245416541474
0.0014819167137708517
0.0008007777125566821
0.0013964601007949032
0.0014057001670674167
0.0010163786813616963
0.0013411151082658647
0.00123592664724121
0.0009036192148384161
0.0004638945538765213
0.0014751366524302166
0.0014682679169210396
0.001538179335620974
0.0013052577513883975
0.0011006020090938077
0.0014707133878420601
0.0008866452623913156
0.0008877584199113007
0.0014694277837558466
0.0006860759261994949
0.0012421490397574427
0.0014853277795124052
0.0014571090693058062
0.0010741284830750144
0.0013897692785039553
0.0012642583210525945
0.0013108006546259398
0.0013952126677928543
0.001624377021624933
0.0010739522839562088
0.0010462580879215973
0.0008016710643169008
0.0016211385487825516
0.0013355582569322614
0.0014033582381102454
0.0013218473232480172
0.001494286844782982
0.0015283804580346694
0.0013853804826084429
0.000676747139354543
0.0013304807643789492
0.0013310706777772928
0.00147274917863754
0.0015122145663947423
0.0013584536462778315
0.00135334066104023
0.0014731758508740524
0.0007776422412283086
0.001656421071815559
0.0015237136837128445
0.0017367209477825406
0.001565248927743034
0.0009569844739159927
0.0011005507624831997
0.0009562786403357207
0.0016107151434204467
0.0014541053677454118
0.0014966174570852037
0.0010284886777793259
0.00112986741738322
0.0015383180469202551
0.0009063932532706536
0.001404996146713826
0.0006704235548066773
0.001405973132128733
0.0015035958856473635
0.0016322658754681454
0.001525616830634848
0.0010242370684318998
0.0011137694899138288
0.0012235427593642679
0.001083792249739295
0.0016245970224391222
0.001426390608279496
0.0013920834550392315
0.0015778267715684088
0.001439908143937128
0.0011063947213649334
0.0016679236903124751
0.0016789371668471911
0.0005789409201631246
0.001474107874388669
0.0015499036883632983
0.0009193068604583345
0.0011664080907995951
0.0015182236327962479
0.0008618720822322531
0.0014429082800118417
0.001638102722672108
0.0011373461414809316
0.0015652713240768932
0.0009543722517982386
0.0009472765734114461
0.001110503757403766
0.0014219642423152117
0.0012042269292399249
0.0014661546607426762
0.000276594141464382
0.0009332339100158793
0.0006425342310742851
0.00123857982101597
0.000975486900817459
0.0014546825759261973
0.0007527098062231883
0.0012683390244527671
0.0012814973508792032
0.0010757520022207734
0.0009374840440434742
0.0011195696960910602
0.0012933232638136407
0.0014966590993461051
0.0013406234165393744
0.0015185621150901833
0.001000454873643463
0.0015707648553713613
0.001309202573228908
0.0013503916595781463
0.0010098737725644242
0.0014313621836176138
0.0009483990311866749
0.0014859567419588892
0.0014524364037423164
0.0011475019216832286
0.0011007793947801579
0.001266332011625495
0.0015485497094639702
0.0009679300357093539
0.0013314966896820354
0.0010992766427380947
0.0012524551411859076
0.0006180435404290084
0.0009142559578086123
0.0008206055960839201
0.0009823018372910068
0.0011721733810585147
0.0016899768162333434
0.0008187979447772596
0.0013003516049716528
0.0015130354078481028
0.0008526049621561887
0.0013120018086391898
0.0007945342561528103
0.0012212068422244582
0.0013974738431870668
0.0014609337329052079
0.0015439513490874074
0.0013704872920910565
0.0012979132839595682
0.0007670042742082821
0.000985255752426484
0.0016894009671645383
0.0007372692018129465
0.001087735004836476
0.0015050807891872592
0.0010213128965774307
0.0017473834965534313
0.0014057926608188641
0.001451083969516219
0.0014750197317522583
0.0007134735343171305
0.0011359786117589533
0.0020255978326420084
0.0015998009690875693
0.0012507096471797128
0.0011261749911166765
0.0021423864541800313
0.0018970032706195823
0.0011332201505133172
0.0008778970701958177
0.0014575442485433862
0.0008563020585201272
0.0009766468666575336
0.0015538145916711061
0.0015883010514933576
2.700620594923308e-05
0.0012067636733887924
0.0006100841643431009
0.001477064918479807
0.0012162156438375203
0.0012649127722457877
0.00102140515154154
0.0012244922968437258
0.0006177324964290375
0.0010594931054294428
0.0016575455177587936
0.0010775998675708021
0.0007755610514046423
0.0012150835238766723
0.0013832607863271972
0.0011777575354823828
0.001050499951458119
0.001530105425374389
0.0009643691272289227
0.0016106783683225618
0.001194620474135938
0.0008077229308838759
0.00102680097486611
0.0014739240061202026
0.0006237075688483921
0.0005601830696419216
0.001100717420461284
0.0010586397652775537
0.001415727495996914
0.0014736859839305026
0.0011128933535624996
0.0004009029165431024
0.0010708832609530488
0.00104109580941529
0.0006348764904156514
0.0013602924417650468
0.0012190724300884356
0.0009368552766098465
0.0014399689573557249
0.000660167995305572
-5.199929828428069e-05
0.0014505215113744718
0.0014411983434755391
0.0014414398460472807
0.0005579824318918333
0.0009792140865036115
0.0006735674361369786
0.0008610786461145613
0.0008102597448075513
0.0013300020516448143
0.0015588599038389122
0.0011634530439889209
-0.0008366353679580952
-0.0021063553549792845
0.001180754630106698
0.001235130679137031
0.0008165874671999412
0.0010567289015032924
0.0010391048765058804
0.0010579838072557013
0.0010143145537708593
0.0009557291405372617
0.0007983420015906533
0.0006544570908115856
0.0012465281189859567
0.000657144616633483
0.0014876425923463987
0.00033719064349038784
-0.002352613114053349
-0.00035640609710614737
0.0022447044774267957
0.00212668497885872
-0.0007384905810900004
0.0014427349757048457
0.0016017585356480825
0.0015804759490196999
0.0014889232669483882
0.0017155748533199166
0.001139370182703731
0.0010903871001117342
0.0009548034237399705
0.0013562981821391045
0.001147046304774889
0.0010426468396708567
0.001044216895993214
0.0011496375868956898
0.0012512732034395178
0.001022604201398688
0.0012329989443029652
0.0009720709883044183
0.0009200031159752908
0.0013516643163098755
0.0012443506002836333
0.0011591701133381884
0.001351172152098113
0.0013127441228384682
0.0010491340236956363
0.0012730907173895182
0.0013064574458952493
0.0011993847861517838
0.0012658988822110628
0.0012930770841549759
0.0010939853457118387
0.0013077747492674155
0.0011959256158662552
0.0009704857421329201
0.0013651791317848255
0.0013431976912229582
0.0013294224750973955
0.0012079738706872892
0.0011220128132749328
0.001135764693320803
0.00129397194638602
0.0009705201278794882
0.0010929940875280468
0.00114164440677199
0.0011860747143797128
0.001415383362783431
0.001373099345274593
0.0014233506078796462
0.0014423058052862932
0.0013411405636169704
0.001251027416762763
0.0014023650798241488
0.0013763643192099978
0.0013611876827393922
0.0014030217831476584
0.0014058323912878692
0.0014008761516067128
0.0013386530395826618
0.0013687736897402872
0.0014200522575097498
0.001458388914907113
0.0014293215151750186
0.0010555336907911463
0.0014444876304973173
0.0013308281272402485
0.0013468790875649653
0.0013597227000064285
0.0014286807070550093
0.0013683050128600954
0.0013295619854577785
0.0013747591643530782
0.0013759744902222429
0.0011662074070466404
0.0012485786441917277
0.001241993981523489
0.001491300846792568
0.00137216957065301
0.0015115315851018292
0.0013720672708423516
0.001494445159913197
0.0013272155426939125
0.00133544555546984
0.0014221742402778027
0.0013996775009972914
0.0012544977637033044
0.0013561763076840832
0.0014248353402251603
0.0013599177767511074
0.0014156657665691764
0.0013143210725522943
0.001396433287704511
0.0015100350905554406
0.001436614871985942
0.0014261553000114822
0.0013697630891261927
0.0013899855558699105
0.0014147633533441752
0.0014452962554319516
0.0013438361278650295
0.001295797258888877
0.0014455616059725865
0.0013985508556276546
0.001355623431687303
0.0013978020103207617
0.001294344121304051
0.0013521873623177098
0.0013582595033744824
0.0014276998696592402
0.0014297672705371237
0.0015022799315038643
0.0014764871320685465
0.0014733514217443449
0.001443936200750215
0.0013454100406745286
0.0014762526802110337
0.0013712246409122322
0.0014520988772101188
0.0014766930645701882
0.0014429127561763596
0.0015487335470294073
0.0015766868008914648
0.001430676214990435
0.0013512571486900343
0.0013914978450860736
0.0014898119073046216
0.0013908241968839511
0.0013612590998655827
0.001469307238400663
0.0013460333605339306
0.0013937383488935892
0.001459279700855382
0.0014852760771473807
0.0014486266429506972
0.0013319706094129934
0.0013966160678196707
0.0013545790097883017
0.0014140718554655938
0.0013962865837021405
0.0013176001915398692
0.001564412107461395
0.0014449432006688398
0.0014502883108940105
0.0013770788917383432
0.0013138679402411818
0.001504830821105609
0.00141241992072176
0.0015498654979119852
0.0016611123158833197
0.0014378329794211145
0.001400658408320963
0.001484332167698436
0.001403052994865624
0.00135669462565161
0.0014120537831153943
0.00141128190655657
0.0013958791857795168
0.0013726043737936804
0.0015552788558738807
0.0012665893868798492
0.0013860815172557208
0.0012916810017677275
0.0014231073779783238
0.0013786783363985483
0.0012911140851818439
0.001466705347536914
0.0016746253874196373
0.0012517906730231381
0.0013615448042992367
0.0014702044324780583
0.0015646220455566753
0.0013467832032029335
0.0013880026548850684
0.001335923578995877
0.0015051448173019522
0.0012339437414173602
0.0012538858581010249
0.0013671674752656373
0.0009013446377152495
0.000830580618705771
0.0010963083510781005
0.0008250531896270842
0.0009112932146695989
0.0008996326198927976
0.0014003607293654684
0.0011979665750710608
0.0010778324436527722
0.0010002646349077148
0.0014054131501694332
0.0011009936053411585
0.0011291226940467122
0.0011095414900965863
0.0013277183856374739
0.0013966674745573763
0.0012909863027632765
0.0014069359015873863
0.0013213540911043225
0.0013459363586306296
0.0014505121195475847
0.0014095612191402926
0.0014754628421021815
0.0014663734406587811
0.0013144294506446325
0.0014105689502921176
0.0015409428133811185
0.0013963851313189915
0.001437826581215178
0.0016576881202452895
0.0015084440352129535
0.0015219348930904767
0.0013648870710459098
0.001432882939378522
0.001579471049367346
0.001496515975388728
0.0014458271424310637
0.0015483921816117836
0.0014412497219938477
0.001597397008166261
0.0015211408623557515
0.0014921085021663513
0.0014105602280068824
0.0015564643614671431
0.0014092807025044777
0.0014044317907308652
0.0014210875157005197
0.00141938622915137
0.001560075975489633
0.001548812589048834
0.001480437961340289
0.0015222659302549931
0.0014669762373695704
0.0014012874460945048
0.001480971050617016
0.0013347750215720597
0.0014890554473724433
0.0014676311697154516
0.0013848217880565034
0.0014875704897539686
0.0016066098006293184
0.0013852343743092435
0.0015677934755182305
0.0015355696391597439
0.0017834322563182712
0.0016092736054826905
0.0015949756163321823
0.0015529422012305078
0.0015232338357825494
0.0015868838732189742
0.0014892844028059737
0.001670125265009281
0.0017728080913142414
0.0014997159922153385
0.0015564317051293638
0.001550894767159704
0.0015873897540277695
0.0015942945124837033
0.00160898358683951
0.0016337970873791787
0.0014438096195246114
0.0015997345452143767
0.0017013484351082778
0.001640273728843235
0.0016297737561801477
0.0016915130442222022
0.0016477863139003717
0.0015232276257633483
0.001599942029659424
0.0014838169326065996
0.001617507928792537
0.0014507138699212294
0.0016284655525353176
0.001724928049991833
0.0015961578043744516
0.0014796061354197243
0.0015909463163828927
0.0015098663653676802
0.0015712382175105454
0.0015562616231129581
0.0016254705051727263
0.0016481377446050905
0.0016259932425276608
0.0015777934738777782
0.0016146187585997797
0.001558613468338434
0.0016896313466421959
0.00164216553184673
0.0015174037762502699
0.001556925228321922
0.0014838731554956113
0.001474060124918703
0.0016138517215732373
0.0014383196451305089
0.001614818722009201
0.0014820884631959262
0.0016050375351419643
0.001556200009964924
0.001514625200146774
0.0015587435472256574
0.001499076588166505
0.001469114335391258
0.001562853976261719
0.0014803707848389997
0.0015032581880400073
0.0014229128787139732
0.0014959059935421646
0.001404069298326334
0.001436771130302273
0.0015012084012901161
0.0015904959685189826
0.0014352602609723761
0.0014961026646864008
0.0014995015899144312
0.001429688058741949
0.001533731821346683
0.0016675186048643984
0.0015627294546155272
0.0015454128634555318
0.0016923381960052917
0.0015641038749738077
0.0015725726009409233
0.0015967512838225215
0.0014972117366095488
0.0015591149646194274
0.0015697660348306542
0.0015849740705959322
0.0015673348485186517
0.001466238402901979
0.0015344698588216018
0.0014955068845000552
0.0015796875841745277
0.0013710818944438277
0.0014695617953113945
0.0014379980908389848
0.0015528352191214669
0.0015116027357948928
0.0014334928468318193
0.0015172552786219006
0.0015785615563184618
0.0015258801654682746
0.0013865038165167519
0.0014221290312652133
0.0014042214607073403
0.0013648801512851922
0.001524793389198479
0.0015142212026511405
0.0016051291019307844
0.0015749104845582758
0.0015109337981546427
0.0014417793982570027
0.0015488858985594984
0.0015287307823937755
0.001515489903550469
0.0015408164742278662
0.0013992556183313634
0.0014524008776987533
0.0014246776791590828
0.0014372944837843773
0.0014461131712359113
0.001467530009107186
0.0015152313393987865
0.0014002012543543527
0.0015842020620221871
0.0014337035224125186
0.0015333171576863535
0.0014842367011614918
0.001369309550327127
0.0014824426878656625
0.0014072834479300458
0.0013644689194981321
0.0014352631130990555
0.0014366281326634795
0.0014117247838935187
0.001523905750597453
0.001343201021641357
0.0014961668447240728
0.0013951140611032668
0.0016285431365897977
0.0014415841259807025
0.0014290522382600975
0.001442588257441926
0.0015558524456703812
0.001393715220296495
0.0014277724686214467
0.0015298812622799463
0.0014902893104748382
0.001434629265076324
0.0015041475009553201
0.0014323265724638687
0.0014625123000030474
0.0015560027325203054
0.001453676554986852
0.001541290451422101
0.0014652872501824438
0.0014856829738626918
0.0015016534817158004
0.0013319919584191733
0.0014828367750157547
0.0011261742523125994
0.0016335892614100548
0.0019395258962478174
0.0011523466311747653
0.00011486888991831505
0.0011945182944902212
0.001439739370972498
0.0014149780282869404
0.001750208085763949
0.0014521711786652169
0.001370443177099713
0.0014373151533238642
0.0013787489564492906
0.0013063925841143046
0.0014260573579748742
0.0014456770300659938
0.0014476031851573
0.001329818499507883
0.0013519221401187432
0.0014219970603585536
0.0012040728578887514
0.0014792057109647414
0.0013816242932061012
0.0014311912825831345
0.0005881860388295729
0.0010126676277853054
0.0013517147415134593
0.000695059937968075
0.001296884921796403
0.0014772283010180025
0.0014199873398394443
0.0012887085639559568
0.0009479879327331442
0.0010170301527932647
0.0014276089837870311
0.001654877210114557
0.0013981707619365796
0.001077739199207794
0.0014965701947548561
0.0014995722734211265
0.0015532872938425768
0.002231632038869212
0.0009984848117999237
0.0019299332993970367
0.0015476024773863253
0.001545645554565397
0.0010818512717601118
0.0016448210705222433
0.0015582824844704172
0.0014737600298247698
0.00159447946858053
0.0015287627549943723
0.0016554358447813699
0.0015399175141916804
0.0015295691589227059
0.0015746242501337444
0.0015919891684018739
0.0004624999322301934
0.0014594438369137156
0.0014109440670187438
0.0013581486764423015
0.0014129638844314616
0.0013896252825183863
0.0014617351703364128
0.0013881507217856476
0.0014207553548451725
0.0014032288573463906
0.0015167369168026543
0.0014437180572719835
0.0013973772306798183
0.0013041167236286886
0.0015052377998387887
0.0014504336728902577
0.0013792708645866735
0.001385563094717408
0.0014727331241408026
0.0014870779252494054
0.0014781590156322318
0.0013507682888870458
0.0013714022721475574
0.0013365342757745995
0.0014329632515342713
0.0014551862882032963
0.0014300667039206598
0.0013154778937516556
0.0013734033470830247
0.0013842873890376624
0.001315705172392831
0.0014057660207144411
0.0013560204414046935
0.001411341277487158
0.001382993600020937
0.0013472656008528346
0.001335103441287113
0.00142403328060731
0.0013593698751011257
0.0013658027416840709
0.001355633736899449
0.0013807701356620542
0.0013409597199403708
0.001348781607921209
0.0013999840069801037
0.0014619241737226895
0.0013742901219862035
0.001403005603374976
0.0013690258390930477
0.001360198147765
0.0014455384363339296
0.0013628081859447516
0.0013637931753133661
0.0013839269384820897
0.001467101273782263
0.0013035688478984417
0.0013608349922784669
0.00133032043887266
0.0013574186879379139
0.0012813758581959446
0.0013331403192894246
0.0013646741990669664
0.0013896238117071676
0.0012933081667169336
0.0012668832061138954
0.0013110761277002215
0.0013270482462856437
0.0013870696036011394
0.0015869065983174114
0.0016351319825608861
0.0014994463983282395
0.0016071373805010766
0.001605775112051883
0.0015401848126050746
0.0015222694434545506
0.001601051317127052
0.0015852506338892556
0.0015442488730157977
0.0016045639137536078
0.0015860384849851756
0.0015884825188880551
0.0015769298229281008
0.0015488229253218825
0.0015275002552851242
0.0014936950250934956
0.0015973984940479905
0.0015497565828580652
0.0016399979269434205
0.0016035908435350094
0.001507894413000154
0.001542757456554591
0.0016356904373328103
0.0016127792086967812
0.00144716879093591
0.001526836047488829
0.0015764978914847455
0.0015337186959257555
0.001577767165923143
0.0015348288135183798
0.0015412838004300986
0.001483693130907484
0.0014876233959929335
0.0015499066160336251
0.0015113695776313534
0.0014804126526326618
0.0015053240257655806
0.0014602298365327994
0.001351838524851417
0.0015527929115912214
0.0014541211254410623
0.0015622302132452374
0.0014618343404480608
0.0015459998568497597
0.001481467017029528
0.0014885593193747675
0.0014790111115972411
0.0014437009904623196
0.001444525260682664
0.001496944615550287
0.0012533600044391724
0.0012419139972886007
0.0012291215412912088
0.0012071051711186594
0.0012410134859461995
0.0012285423362805822
0.001126409472246751
0.0012664932202012698
0.0012813580061533936
0.001294316099587277
0.001113527736187003
0.0012473108444020244
0.001368590798777329
0.0012603088059601312
0.0013713687289099062
0.0012835896236097547
0.0012051833670067998
0.0013022999315583832
0.0011784039303408445
0.0013088866357511485
0.001330343994060827
0.001067444125184985
0.0012267297563210802
0.0011951768662802312
0.0013807603778726322
0.0012126535675350198
0.001298520696267726
0.001315525525077058
0.0013394033669080054
0.0012968840117195282
0.0013918902530684553
0.0013262497512360146
0.0013678715781901493
0.0013931771339181407
0.001340684147069132
0.0013806693052060427
0.0013833659783425492
0.0013145797454716902
0.0014594015980212874
0.0014674868007444825
0.0014138085002159365
0.0014080385447349027
0.001439867482349994
0.0014427059606960204
0.0013822274764641563
0.0014173053903947183
0.0014387042027992963
0.0013774841042025255
0.0014567557826318266
0.0013926233557543615
0.0014184756212287976
0.0013888180985198067
0.001370613868899913
0.0014095683933330778
0.0014139034776260982
0.0012934603386689605
0.001336597662967753
0.0013665681585865543
0.001477034813436704
0.0013539650052071073
0.0014645292494650135
0.0014331974818666616
0.0014765536178738782
0.0014901962587762438
0.0014013823561924686
0.0014345832406630983
0.0014227546872408717
0.001518150474511682
0.0014288276622127895
0.001491742336367297
0.0014712792562100259
0.0014062570412936154
0.0014281225875509458
0.0014600787995124479
0.0014276036969990446
0.0015119604231064315
0.001446663421343075
0.001519108040130999
0.0015318164695126318
0.001482297770041936
0.0014893050153566422
0.0015170722002753898
0.0014732231385644271
0.0014868593101017473
0.0015369026741836214
0.0014010840726330102
0.001466900156916863
0.001495954664392886
0.001491910339365374
0.001510431771494373
0.0015440631155252376
0.0015322869713380821
0.0014902691172958087
0.0015460317892558
0.0015551091471629813
0.0014951693359849957
0.001480166673213775
0.001528449061696294
0.0015528559238852122
0.0015529312896524895
0.0014772546579312617
0.0015362911493383904
0.001526944521225673
0.0015103903585881534
0.001443901283793767
0.0015568605777754106
0.0015573953908728441
0.0015326237091533752
0.0015353138144373144
0.001541291417807533
0.0016174363141835046
0.001539530070362739
0.001569668986826007
0.0016172074664474168
0.0015779909203590295
0.0015964368018946543
0.001595222882616774
0.0015836169339031449
0.001542943708538024
0.0014648397204546201
0.0015003351316908175
0.0015422029542724747
0.001484364391877207
0.0016198903837326263
0.0014891725384143391
0.0014886345104351357
0.0011818307669120057
0.0015347605980816086
0.0015786245615776497
0.0015774292083300344
0.001560617368877527
0.001481003251723907
0.0015661441715779688
0.0015212669865586016
0.0015454014194962182
0.0015180396128255016
0.001534751348466008
0.0015228519467559256
0.0016539271301804937
0.00155748098213728
0.0016026350362849768
0.0016147322896607333
0.001634935206046684
0.0016837339544559418
0.0015784642609529096
0.0016465724094894571
0.0015987292649454424
0.0015552468803349262
0.0016124997000991725
0.001604578417052663
0.001622301106905002
0.0015696742940008346
0.0016122750019289815
0.0016653816063447763
0.001641061751403221
0.001571148079048187
0.001608347004746906
0.0015947373846289979
0.001618171561353987
0.0015982974214634313
0.0016363188783986118
0.0016544131465391827
0.0014966023261089902
0.0015484849863074833
0.001616708907006704
0.0016151652284094903
0.0016036569632900493
0.001597332431231458
0.0015204138934375284
0.0014624597168682108
0.0015861402445392558
0.0014684610951788172
0.001613665022867804
0.0014122101692538244
0.0014802481037894822
0.001448868756796303
0.0014677125945872192
0.0015521372569295229
0.0015301331301302104
0.0014649183405436332
0.0014930947383695026
0.0015183693268823967
0.0015366269230721182
0.0015243517282899628
0.0014470496599726572
0.0015547580424514716
0.0015212204545838538
0.0013924535091117598
0.0015505117024844702
0.0016176499652179013
0.0012662735989207028
0.001132772292910472
0.0010984343544310203
0.001279080937141062
0.0008376702765226165
0.001347040167025791
0.0013242039308372523
0.00173359183978765
0.0011157284566997289
0.0013824326946195436
0.0017557994654288378
0.0014087014550664336
0.0013945421622697707
0.0016161314930166642
0.0016010467287408512
0.0014139653779225688
0.0015459386289400877
0.001383937558485896
0.0014116846761222455
0.0013980496823652485
0.001460886588657146
0.0016312345223242753
0.0013584576629267087
0.0012819722369663154
0.001563196767950576
0.0012642869534840572
0.001164895623094608
0.00139441388312666
0.001481334200302709
0.0013917878920907002
0.0012545188637086344
0.0012044840780553586
0.001034358366341332
0.0015194449489456942
0.0013498759274592942
0.0009686327038417395
0.000982611763556646
0.0007809354736458361
0.0011682027203719584
0.0011685424144888255
0.0010426695088328755
0.0013156001723216675
0.0011719787353382555
0.0015884011897959352
0.001453728905095997
0.0012007100644147077
0.001085933269016314
0.0011302830844140647
0.001159990806291511
0.0010961549080376412
0.0010041130706419782
0.0012452230847295662
0.001168200803045642
0.001445094730767407
0.0010082396224964498
0.0012088293179196847
0.0010417712982174992
0.0013928141456910044
0.0010615882900566836
0.0013591922130751818
0.001079464674866992
0.0012480283981197956
0.0011316041610707585
0.00120117067614838
0.0010805062515560253
0.0013304973110518565
0.0015141882018862294
0.001089187157421922
0.0011946565430126076
0.0014714491519287954
0.001244169452851315
0.0010735035704731101
0.0010964344829832641
0.0012552995181893437
0.0013286441568612253
0.0010321796683265578
0.001343666185564412
0.0010754043675898375
0.0010737447392626573
0.0011376442573427226
0.0010689199433379084
0.0010256671982154465
0.0013643163229262669
0.0013077787828771942
0.0011604956123850653
0.0010593431937698523
0.0012221942842003785
0.0011018051009429382
0.0010289005466655168
0.001334621980806221
0.0009883107212940742
0.0014693870534406178
0.0012478898464188207
0.0010032282194985594
0.0009870012401313674
0.0010047746470455857
0.0010123346359628969
0.0010614474252063184
0.0011048496453750834
0.0011038172431145675
0.0009939133894251622
0.0013091483652656309
0.0012100836366388044
0.0010067352887705256
0.001195582464757383
0.0009525091916331964
0.0010177505655100242
0.0010532375154520264
0.001040070265502091
0.0012767395295576933
0.0009311890476932911
0.0010380766320813853
0.0013623188298628576
0.0010252874493652205
0.00126327166750241
0.0009900748875303802
0.0009446307969988283
0.001238332108278847
0.0010327950305106996
0.0010898848036130296
0.0010526987124051727
0.0009367822270012947
0.0010687352563480252
0.0009575999387665913
0.001288712825701196
0.001123891621582418
0.0013401570041330676
0.0010851221504259631
0.0009147301372037787
0.0011435803130155305
0.0009737342012332923
0.001159365586849581
0.0010051092642310274
0.0008834039504710522
0.0009139698463557889
0.0010829505517917278
0.00130812423612631
0.000902659224611478
0.001204627937778422
0.0010327387851284263
0.0008694157246271983
0.0011155792061700424
0.0010148112960862426
0.0010773335685300396
0.0011126538011543728
0.001998867139383567
0.0014807220429567019
0.0016058743547342966
0.0016712028479597737
0.00181796925676157
0.002134302708340024
0.0020865140059089225
0.0019242208988990484
0.0015912554985596876
0.0018545647318079378
0.0016050796812120416
0.0017403232324682545
0.001616564212500393
0.0019274547516381522
0.0016387826142851946
0.0018763962846199606
0.0018187214346651235
0.0020759357735750422
0.0016139042883359755
0.002135040524956021
0.0017141334222044785
0.0021380879088247033
0.001853366702356882
0.00221708607240828
0.0016013437623643492
0.0016754707219549154
0.0016857322769826663
0.0017435018720147722
0.0016870802815761813
0.0016866920424852294
0.0016985941430057137
0.0017179784715369774
0.0017806811959880347
0.00202576811003285
0.001988632725278903
0.0019959778284089963
0.0018949154282776337
0.001985849424679272
0.002057704565395171
0.0021092759311474567
0.001879355772263392
0.0019108650863653655
0.0021893297641089092
0.0020704153366205994
0.0020218128452087173
0.0021581191251261412
0.0018954724319107526
0.0020236437495089457
0.0021517581965733116
0.0021852745465181516
0.001698556629168834
0.002003829128270317
0.002072751744067899
0.0020936156975430225
0.002257682555419623
0.002006522788779422
0.0020160910525461946
0.0019371590495302286
0.0023629105626816237
0.0021084510656031925
0.0023644343273980994
0.0024001731831155334
0.0020036597787407746
0.002393626434375889
0.002121136759247645
0.002240434574080739
0.002441918616810857
0.0020245562163914584
0.0017375131886341428
0.002174970149523251
0.0021245689622241943
0.0021138412741812935
0.002084157215477557
0.0019653572464154723
0.0020647161338007898
0.0021767533681386103
0.002197926898951038
0.0021239885017938936
0.0018984734272586927
0.0020335089966311485
0.0021113900221096872
0.0021436260667778563
0.0018665245884376493
0.0019484082145859087
0.0021270113955133866
0.0021845438127152963
0.001983937288350979
0.00218148596975552
0.0017777767911773322
0.0022375751898463447
0.0021803771153558952
0.0021989227788713475
0.002302206253188513
0.0019264905583826304
0.0022324798422841846
0.0016399141760744405
0.0019611020193359995
0.0013929266979617048
0.0021601047022318186
0.0014027285032584271
0.002052633679712191
0.0020304484519409784
0.0021068053423125388
0.0020476489085038173
0.002436602913221881
0.002246435537458855
0.0021111529114016736
0.0020947862579262103
0.0012607409285009374
0.0012704000079388046
0.0012845817245628324
0.0014253706691952817
0.001343055475897585
0.001361742689471369
0.0013321458035704802
0.0014914074637323229
0.0014321003488617157
0.001617464393816952
0.0014414207002165043
0.0013938008437486085
0.0017121417539712439
0.0015337317199159554
0.0014008193852886898
0.0017037080896062748
0.0016618406502759589
0.0015695702389023477
0.001701181054686961
0.001945560832718143
0.0017693949294031988
0.0015868611011542017
0.0013260392125618973
0.0016620089426270601
0.001714647143241499
0.0016567425943453482
0.001737392062054275
0.0015550431578219464
0.0015818956151582304
0.0016223343345285897
0.0015335706065042675
0.0015946193429535844
0.00169555978786463
0.0015827422931254625
0.0017113653954077008
0.001734318483724053
0.0016626877517056833
0.0015218699106505696
0.0017210048606266565
0.0018545922827601614
0.001696640671470198
0.0015687168211639332
0.0016241866046229334
0.001574496762459511
0.001748347439587896
0.0015671232328712003
0.0016697547134828402
0.0012879670772587286
0.001602483803621013
0.00139849312185432
0.001602262736050469
0.0014076812771019608
0.0016969031248391885
0.0014122574592153531
0.001692721788794465
0.0015974139179708
0.0017058590601513764
0.001769975950634244
0.0014979940811663836
0.0017134628533500686
0.0017001891944258619
0.0017182601252146389
0.0016795210821277634
0.001753587916802308
0.0017727398723796017
0.0017256735322532816
0.0017973660526613537
0.001646560708217333
0.0016059197071935439
0.0018254258089557777
0.0016023194256782
0.001737064125937336
0.001595552327295252
0.0015053129123179794
0.001799120988427235
0.001736146514613884
0.0016475100940050189
0.0016738274189344847
0.0018709445663927197
0.0016241270170999792
0.0017874910426087921
0.0014516622083116317
0.0015938837086387704
0.0016523776322928108
0.0018518417742983248
0.0016221507183240612
0.0014627951552446505
0.001562016842319156
0.0018199201722585824
0.0018146080903587707
0.0015575301674791394
0.0017532977270887206
0.0017285903635185509
0.001702623051931783
0.001572217950041939
0.0018521956314882836
0.0016817858703518634
0.0016181105412176368
0.0015367188149773752
0.001656784052548148
0.0017494270610248076
0.0019731465269972877
0.001660294504785722
0.0017914402465963105
0.001792932315615478
0.0014348029592970608
0.0017038877182988124
0.0016794105622495417
0.0015874893383235231
0.002187868053496694
0.002169529750042757
0.0020945137873455487
0.002013949474118605
0.0024109018680261913
0.0015607851281402324
0.0014743628017626742
0.001495472185703578
0.001570236838361244
0.0012775710379791757
0.0013791281484277877
0.0013379301503669795
0.0015743743452983996
0.0015592122356235707
0.0015979721287256465
0.001601345068842907
0.0014973684517687108
0.0013732997151258692
0.0014848510087669955
0.0015190740202965715
0.0015076862573470385
0.0014332922187303846
0.0013285954370425646
0.001497150087017379
0.001355438049312914
0.0014895038651347235
0.0013248403935970546
0.001178970047337301
0.001449716696936195
0.0013674346568151275
0.0015748661144637914
0.0014539676859931356
0.0015894684606170923
0.0014067512419579506
0.0014187947641736674
0.0013878994696983947
0.0012745318154373934
0.0013796201150818132
0.001340000362645758
0.0013475526079380034
0.0014115040220519085
0.0014373779922150505
0.0013063331723537203
0.001341298368643568
0.001401893515532849
0.0011496718997921005
0.0015058536142471457
0.0012601407324579832
0.001293072017166545
0.0013296071611676196
0.0012375983899701353
0.0013318277134632202
0.0012975559391977423
0.0012006978564077099
0.0013038178449178218
0.0013288423013722915
0.001432229188317734
0.0013129560847225039
0.0012877526390832313
0.0012571037748046658
0.001305518657706593
0.0012763710926066048
0.0012613423700555755
0.0012401720123864281
0.0013574399789300538
0.0012938089673184478
0.001292032373672305
0.0013344933982796553
0.0013103429224824732
0.0012522877916872352
0.0011835685517685999
0.0012679518976211647
0.0011911790649033259
0.0012862337638231082
0.0013123729509888498
0.0012684910157588038
0.0012353561855833921
0.0013116606681014646
0.0012571160077300065
0.0012826217940972552
0.0010856313856272247
0.0012306819523946434
0.001035748022613752
0.001290459721478626
0.0012079363610181164
0.001236549043043864
0.001277490463059357
0.0011561032604004912
0.0013635264106853491
0.0013560302340357255
0.0010199934901419425
0.0012912473813586746
0.001232587899207383
0.0012603448696715959
0.001286095061354934
0.0012078841615725323
0.0014601864220254322
0.0012578416911515117
0.0012726789369121383
0.0013018739628785257
0.0012018908007649372
0.0010560313425185246
0.0012093661508993411
0.0010572327744643266
0.0011538836615701733
0.0011759461650707053
0.0013046856173837707
0.0010610851635995055
0.0010851491431720364
0.0010701569419273005
0.0010557654475787527
0.001245753868846037
0.001242989277108543
0.0013563647834241035
0.0013112677279562793
0.0012354310023673886
0.0009877932324724441
0.0009615277424139725
0.0013164752236878774
0.0012691829073611875
0.0013130498363801144
0.0012065772865950148
0.0009896854892264418
0.0012868303203104918
0.0011878018849931734
0.0012553525254071615
0.0011939133747449768
0.0012338897209519812
0.0010710465440161646
0.0013445749065761213
0.0009789442145737713
0.0011409567703764129
0.0012949935285872804
0.0013121923044473337
0.0013558776889782585
0.0011795065340053515
0.0014303847013025126
0.0013514061166521247
0.0012764182647416662
0.0010378086911101761
0.0013395124725607526
0.0012681259354323062
0.0012398998204990934
0.0013946881239746726
0.0011638736534591233
0.0012305873873494806
0.0011201516461262413
0.0010345111557051856
0.00103359762583535
0.0011471602849407543
0.0013407900983417383
0.0013061062079930332
0.0013648833425314152
0.0012955496160757481
0.001142675466022815
0.0012483964405149688
0.001287986810964006
0.0012784062921053255
0.0011963917608991876
0.0012124157770671035
0.0012226079037859848
0.001259838235562772
0.0012387085785316822
0.0012610018718426268
0.0013133463368339546
0.001193306591542355
0.001104826341872305
0.001318214793965897
0.0014124642383031146
0.0014026177119185958
0.0011106425510627204
0.0013079145783294732
0.0011858027419570244
0.0012284663802805999
0.0011863555587094477
0.0012868026967921848
0.0010909106046733358
0.0012618981762395484
0.0011678731204862985
0.001200085599860893
0.0014892974361348345
0.0011058550765378386
0.0012716123392206597
0.0011177708639328965
0.0011947874569498602
0.0011852813337279817
0.0010129917903320556
0.0013109147631349032
0.0013115528180147806
0.0012804825850926016
0.0013141543954574072
0.001263883799985821
0.0011630226108792145
0.0013439114958660595
0.0010353209326452012
0.0012625344904024457
0.0009683424243398735
0.001245269319443946
0.0011955265769675039
0.0012312275107168996
0.0013217471281929327
0.0012795613018887176
0.00036591172478043306
0.001175866221006781
0.0011741535895087203
0.001293636677206507
0.0012811950189541871
0.0013598872256849054
0.001268912703593237
0.0012598700723385281
0.001343771448587166
0.0013089526236033145
0.0013333290734967602
0.0012292769172946958
0.0011402685963727906
0.0013227003769404866
0.0013213251633568204
0.0013160220908024884
0.0012856451795016676
0.0012789226073496235
0.0013883987703431776
0.0012392276946903225
0.0011296685645667457
0.0010851947809448995
0.0012642991562642682
0.001217886915632775
0.0012893602765716744
0.0012320545434626594
0.0013896990422246082
0.0012762592032082639
0.0011433370557875756
0.001131203322901273
0.0011233230429683343
0.0011730781193937017
0.0012972355851643635
0.0014344527241288484
0.0011689256531351273
0.001075145218416879
0.0014927623071712274
0.0012043039228861875
0.0011049644286847899
0.0011871361972969352
0.001341704825753611
0.0012484881105425776
0.0015308506380540046
0.0012866078208633484
0.001330589208228059
0.0012952450869721766
0.0009652909984186158
0.0012088278855891769
0.0011770938855014284
0.000959962299421608
0.0012392177991453121
0.000552496558824742
0.001032199888054005
0.0010964135261079463
0.0010430484169994746
0.0012936938754777336
0.001411172581216146
0.0010266784783615798
0.0010320344180209315
0.0006474237241296945
0.0011655253293593505
0.0008244748813311032
0.0011015094259568291
0.001004747841761235
0.0011979298138351533
0.0011917121716827708
0.0011314357302035294
-0.00014031317241739417
0.0003053406861737104
0.0007283849704094771
0.0011857274369627684
0.0010141635946375974
0.0006308217512108606
0.0007078461417475595
0.0012321582467384913
0.0009352263498988543
0.0008517138215642042
0.0007043980298555056
0.0008709888948410116
0.001046205562975222
0.0008289580265664681
0.0008093464352186056
0.0007090441709645935
0.0006756220788998427
0.001038983972401723
0.0007911835601627528
0.0007573121834230397
0.0008322977983372967
0.0007777572015890157
0.0012965853961453746
0.0012694066052089423
0.00038343195283642505
0.0008208419219297024
0.0009238540606961481
0.0007989471085500355
0.00046138229316608124
0.0009787483910411558
0.0006578421046116947
0.0008856304818452118
0.0008198169983317016
0.0010875044554502008
0.0012102752172987788
0.0008842492726884642
0.0008325872467627751
0.0011662118207731238
0.00011748673848231545
0.0012006021648353837
0.001182530673862983
0.0006843594995646629
0.0014163272834753443
0.0007996100163900051
0.0013095658933408164
0.000480519336851381
0.001182821912939737
0.0009746344885519707
0.0010981100823743964
0.0009790014911912322
0.001386070936964467
0.001132202967039493
0.000634751355488016
0.0010034056395507316
0.0011422035778183843
0.0008816418806531827
0.0006419960181245352
0.0011404515036751266
0.001095173133581863
0.0012625477254605134
0.000938307088782444
0.000794787902825858
0.000915611766060734
0.0007205827168192466
0.0012992352899743734
0.0011061132021427842
0.0011257365861626913
0.0008361624910806526
0.0009781469027573364
0.0010304113402670695
0.0007822307828619094
0.0006218299271213133
0.0004070095071238906
0.0008382481023730293
0.0012416827974370374
0.000899165524752876
0.000571910881671736
0.0009841391037789127
0.0008586846819260745
0.0008096653389426382
0.0012089664258873604
0.00119812582755651
0.0013746060282067995
0.0008800580947534513
0.0009036273439839608
0.0011559839006878123
0.0013274816739871332
0.000969274009780228
0.0008344119842509858
0.0018646075460911256
0.0012597849296651557
0.0011788685316383109
0.0009856872562249465
0.0006353013592781472
0.0009110827680852384
0.0009023164931180884
0.000809842619767976
0.0007264188042312487
0.0010211521889378673
0.0007801186496546748
0.0010575762904394045
0.0008187847272364976
0.0009044672427078219
0.001078440583902469
-0.0002450421095677546
0.0007699981776302271
5.5642597687358055e-05
0.0008201930253466135
0.0008801696411342309
-0.0008712033585863644
0.0005914467189606903
0.0004072622117717415
0.0007115838831499961
0.0012963149557098372
0.001391040385382189
0.0011405108685045243
0.001076128599981335
0.0012442460129489976
0.0012524405079045579
0.0012178164132183183
0.0012400652467836558
0.0010694832121177266
0.0011313819761255167
0.0008925296802455515
0.00152058540468326
0.001210886955399235
0.0012212540694800736
0.0008933369589146608
0.001329324033945316
0.001015943888140844
0.001265342066891482
0.001214423548278017
0.0014522214792720871
0.0009725052301144608
0.0013534209207955697
0.0011654130514650387
0.0012137168510200887
0.0014632111456998086
0.0016873978879824577
0.0012358565918616194
0.0014715348144367258
0.0012362418040212687
0.0013677249190793706
0.001215464451808789
0.0013947116371468265
0.001394570725421654
0.0012426762542594642
0.0011216880707674885
0.0017648909293429584
0.0011581537361880759
0.001183631506301823
0.0015430428544404259
0.0011326449039023797
0.001492007461166624
0.0017459881458261378
0.0012828622371272615
0.001439385451800372
0.0016575569486514457
0.001515461272075266
0.001565963497305462
0.0014791827299620534
0.0011061482854133587
0.0012251068244523147
0.0013593708667272158
0.001388332886281502
0.0013132345830217356
0.0008775093627629506
0.0008432635918781642
0.0005591327093165153
0.0012573277757947415
0.0012389950300116623
0.0009127895340716639
0.0014400542470420716
0.001277071574753319
0.000966010103670134
0.0012256039246054107
0.0015354234681781427
0.001471730537979677
0.0011385316165353231
0.0011496565989809998
0.0013453700612685473
0.0012570609277792614
0.0016407223743855935
0.0009251311946468231
0.0010713302809712637
0.00033033586141839654
0.0003735083722616589
0.0011579578835601042
0.0011437328919067851
-0.0005335360274308921
0.0005933342354089726
-0.0006951722280873544
-0.001947904052550707
0.0019571312616376542
0.0038255079689798535
0.0008505514784760903
0.001518984294380042
0.001723679743784336
0.0016482171660296078
0.001838008667785323
0.0017713257361026843
0.001737065919793667
0.001666011828567189
0.0016513629677124642
0.001686823101774583
0.001606895460069596
0.0016342656987813357
0.002359940737715404
0.0016879324704065673
0.0017658803700651617
0.0016012068198652677
0.0017891632920486009
0.0017782571342885864
0.001839418790725123
0.0019471549876724174
0.0019797244938803056
0.0019448941939152861
0.0016804773392128842
0.001626299017033068
0.0016425227800399812
0.0018654734365958997
0.0018526514620115034
0.0017702176822728117
0.0018018109321470542
0.0017507273160794936
0.0018016673023006067
0.0018482184494148198
0.0016938214784813885
0.0018974415583652966
0.0018134925090950473
0.001999854200186262
0.00176780959349882
0.001776313421476082
0.001881696714224533
0.001873135887781875
0.0016699294675161503
0.0017596171822738926
0.001818941213776125
0.0018403751116529566
0.0015092427649489063
0.0016657671205052233
0.0016945844989232856
0.0019260087882656297
0.001905191565442408
0.0018993116006542842
0.001766002285342924
0.0017546545812168535
0.0018745540969633495
0.001663603047287743
0.0015970490498279537
0.0017355013394570581
0.001639785290161238
0.0018409905471465375
0.0018688771241776492
0.0016113230613649958
0.0016279797478218633
0.001662929521486061
0.0018019298756690191
0.0015244001959622226
0.0018790652853182478
0.0016891723590267622
0.0017900374090251414
0.0017295261857834063
0.0016783421736507795
0.0016922968069118644
0.0017606289284744748
0.0014999437043635058
0.0017069797511157056
0.001529833410909139
0.001507469811614297
0.001787412758839218
0.0014469969219151986
0.0013815324464057366
0.0014028693620245138
0.001477590576807556
0.0013402934217626981
0.0014124461253098468
0.001356206881653937
0.0014246235439265343
0.001493970981081046
0.0013978871413744512
0.001456952465361777
0.0013421055384262317
0.0014816308707236625
0.001564947057855861
0.0013104308754818264
0.001431487910762243
0.0014530865218820106
0.001537801631481105
0.0014449935397047922
0.0015369379805704095
0.0014929921457182283
0.0015775857617441364
0.0014665974223293788
0.001447347905915846
0.0014862549972588844
0.0014928048339859876
0.0014783119352702384
0.0017800664061306288
0.0018543961203126476
0.0014803620667550187
0.001399070564158122
0.0015418293747320629
0.0015793099416004058
0.0016370609563759035
0.0015899628212168535
0.001532008027783976
0.001609551436428062
0.001471861333605331
0.0016903876969534565
0.0015067535016712176
0.0012526332848712177
0.0015151649482090363
0.001433776403816837
0.0014796604948880314
0.0016005694748661503
0.001498346172744169
0.001806918225033405
0.0018599466479628048
0.0015225923330424358
0.0015766546155023518
0.0015495779780819025
0.0015068814269342098
0.0014670082820387358
0.0015811709641480394
0.0015662265114508806
0.0016290880941935643
0.0015417102755680833
0.0014935419245397533
0.0016306776709632382
0.0016096003821368858
0.00159749892119254
0.0016942305824022696
0.0015634820282209004
0.0016637242496030957
0.001591135106256045
0.001598158566299882
0.0015827191649289744
0.0015776171155634836
0.0017244882872951524
0.001582689835075867
0.0015663498618211336
0.0017073173621371357
0.0016220584560876865
0.0015709970345929008
0.0016295840853338874
0.001630461588421133
0.0015845719328579126
0.0015293581454761914
0.0018249204780768746
0.001725924744779639
0.0016334881435677612
0.001642155591649783
0.0016596413101783486
0.0016279619439849976
0.0015123523081690157
0.0016530915070915515
0.0016275965161843867
0.001626190875128323
0.001703199655945656
0.001308872399477793
0.001624468660285739
0.0013906490924016945
0.0012194689667366664
0.0010597510499232947
0.0012191108222078294