0.000881468338246431
0.000867975733181935
0.0008448602867720988
0.0009558297094158184
0.0009105750684121298
0.0008877925144452772
0.000979117478547811
0.0009397124587118733
0.0009734518565863895
0.0010095974531907042
0.001036154765190107
0.0010361598585574712
0.0009928736456539043
0.0009824953436285233
0.0009827449472965362
0.000884945733871415
0.0009381030787651615
0.0009881980983978324
0.0009227979368354016
0.0009459150482199262
0.0008748521778991215
0.0009273791081935274
0.0009987120866137927
0.0010138394142675164
0.000973099010765522
0.0010249444284293242
0.0007938504683995929
0.0008921426537956835
0.001033961565560533
0.0009989743429251465
0.0009937753109903258
0.0009076341464641258
0.0009802204138201634
0.0010378067271598474
0.0009938222113569464
0.0008378796596049108
0.0008819351477750431
0.0010151102951838674
0.0009431388864612172
0.0008703948148090868
0.0010204348161170294
0.00021885661073284328
0.0009838930491541172
0.0009344921783496692
0.0010411621068861358
0.0010610006607603495
0.0010609819533278246
0.0009572398920242865
0.0010006212287753723
0.000996520245578201
0.001046573055458647
0.0010003668505585467
0.0010016344058620282
0.00047299402440832
0.0009164762199355813
0.0010525833141931877
0.00109659137869349
0.0008220133114288343
0.0010569068604552763
0.0010308200840766072
0.0010258667815681857
0.001070738131805073
0.000993564252491375
0.0010381772173749474
0.0008929332104117481
0.0011523523143175311
0.001059209193966149
0.0010155087263426941
0.0007957780075866117
0.0007145263631444199
0.0010991615045797636
0.0010816737148563243
0.0009852803400782104
0.0010643688756995422
0.0009866658665653825
0.0009109513822644339
0.0009946831216388334
0.00105476291492345
0.0009838745401018144
0.001053519982933205
0.001087879267714881
0.000930117252022396
0.0009330740341862556
0.001087849748419409
0.0010110395134600885
0.0008875311084709495
0.0010133392551447476
0.0008199808435523326
0.0010261195757599742
0.0008538196939067928
0.0009393777713380273
0.0011120213028191397
0.0010587428257644352
0.0009217576927437615
0.0008183229915297665
0.0010420129365725753
0.0010464687450068234
0.0010252449492152407
0.0010115529766456448
0.0011512976465611413
0.0011178180053197705
0.0006897828421058249
0.0010223918439951508
0.0008654738373070684
0.0009550436091394039
0.0010824192428798324
0.0010796740990296452
0.0009319526150004379
0.0011077080552103068
0.0008948956584603841
0.0011676783843512096
0.0012044207164170493
0.0009219316246100015
0.0011068444559660428
0.0011556589990285584
0.0012090610696532794
0.0011834072445255266
0.0012389011400349074
0.001024300206064498
0.0007963023292801315
0.000953811222788175
0.0010673615682008416
0.0010431546010235197
0.001183697832081094
0.0012258436844441104
0.001188805879314924
0.0010806078019614058
0.001167021692758018
0.0010617039329723704
0.0010993473658985034
0.0010445314253747845
0.0009700664886008318
0.0010535049275770011
0.0010276478907467464
0.0010454073725806004
0.0010747954016363584
0.0010275628967225858
0.0010462580200462327
0.001109156678196851
0.0010701982302655081
0.0010990156893050502
0.0008191943867697917
0.0008284665867821079
0.0007519469135274749
0.0007140380607094663
0.0006416233258129556
0.0007434394878725176
0.0005238642263668239
0.000684651748869586
0.000969039148750459
0.0008400094027310324
0.0005085069608501183
0.00036380175238533597
0.000531492458709571
0.0009176200122374959
0.0009955848389375977
0.0010810582525172805
0.001097741915446546
0.0010454538555821058
0.0010543325795255225
0.0010384621001591988
0.0009235491087478601
0.0010993401769860492
0.0010477551416048691
0.0010404486824383621
0.00104975185866558
0.0010946064185349282
0.0011000388926090544
0.0010914612987466521
0.0010157469319714738
0.0009770503450623434
0.0008499113796673133
0.0010799729515138766
0.0009561517823496326
0.0009885458834605072
0.0010590701801372424
0.0010727420114343348
0.001046714240108599
0.001106202496390032
0.0009902543368906808
0.0011097110821988666
0.0011043099992555558
0.0010361363783296246
0.0011373012075083576
0.0010549304964463445
0.0009812577511691463
0.0011141843696771685
0.0011173130618356937
0.0009998383027674995
0.0011076474515231225
0.0008816280066132081
0.0011974950988061985
0.0011334237508355655
0.0010872125291818725
0.0011351338883762302
0.0010802217656544052
0.001005617424276401
0.0010909037573533773
0.001050037072426747
0.0011216745448210908
0.0010584115487034
0.0011181183816430568
0.0011614065940346808
0.0010641280392797488
0.0011357281242928637
0.0010958666413903306
0.0011290630328210382
0.0010829116669976821
0.0011223800882069984
0.0011143630383454101
0.0011150126287370204
0.0010864218788482604
0.0009602955409937558
0.0011148565332429273
0.0008911691259040947
0.0011057534431426963
0.0011835769570443671
0.0011706969072337154
0.0009801164885971795
0.001023171480257735
0.0011402308839545713
0.0011511606089805884
0.0011735391405605017
0.0011963797341737565
0.0010974072654126872
0.001085555092888339
0.0011361400698282436
0.0011588732699822565
0.0011413039609205085
0.0011588153528683356
0.0011718935454275363
0.0010978120908280069
0.0011223140477984507
0.001129748245190416
0.0010789240808235134
0.0008434428703668051
0.0011104104716284586
0.0009949100928627773
0.0011432450888871383
0.0011625222304852355
0.0011181616499975056
0.001170122255374887
0.001178314092239407
0.0011181653251615806
0.0011670849481729539
0.0011243740720183373
0.0011539573144319626
0.0011991571008075643
0.0011565179982036974
0.0011674621656649418
0.0009748847013249502
0.001109686324661757
0.0011507354074007702
0.0010684372042896611
0.0011727128326325575
0.0011247406050871544
0.0012318427844537204
0.0012177821414829952
0.0011505218528484378
0.001112387259000343
0.0011671740541235012
0.0011620185012722398
0.0012085863477272942
0.0011969125672638868
0.0011068890229426575
0.001036094275754895
0.001165336123908063
0.0012493431759558204
0.0011534716108809481
0.0011877650086474564
0.001215776227924942
0.0011519469876405156
0.0011509655204434595
0.0012136245300959291
0.0011303721804811864
0.00123538878241926
0.0011845269672763916
0.0011801856428247434
0.001103470184967331
0.001210489990442539
0.0012199646520681816
0.0011870847221733653
0.0011970676221351997
0.0011985798535488106
0.0011913421284811183
0.0012310388242157302
0.001189362877878334
0.0011748269501501742
0.00120436847509396
0.001217625314642916
0.001175393730810086
0.0012403108894858343
0.0011831877925074547
0.001171645573865772
0.001193066589977196
0.001221699790346752
0.0012924027148757905
0.0011970274333966962
0.0011230646699372626
0.00123755008930979
0.0012597521768931187
0.001119533683565745
0.0012389528359895328
0.001176173880884989
0.001227130852644734
0.0012459062578813
0.0012635000725810211
0.0011942302892005803
0.0012613489439818727
0.0012471609083823877
0.0011939574937988079
0.0011557233505117728
0.001268716314793521
0.0011359759056369337
0.0011539850314172234
0.0012811874501091132
0.0011076836603167686
0.0012850579899171782
0.0012031375288027162
0.0012924635766426512
0.001257116249590684
0.0011790911427214592
0.0012716822329039697
0.0012145227522402607
0.0011563086137378535
0.001194123546886525
0.001106314862440143
0.0012703427670635568
0.0012636881351064386
0.001220979721470006
0.0012718435744636814
0.0011945175216332455
0.0011319513852685488
0.0011629150900641099
0.0012598773501813765
0.001183024007416582
0.001112411952439648
0.0012550550132520181
0.001301405112991308
0.0010889257211646277
0.0012922174848126358
0.0011332034672853822
0.0011845178698435077
0.0012027654749252239
0.0011128498081312047
0.0011387374065792322
0.0012168612369133397
0.001313453954719246
0.001223363713788328
0.0012657002424663105
0.0012041813184584746
0.0013257911965666631
0.0011345820823416793
0.0012482498561960272
0.001169305637236897
0.0012790002952867883
0.0012716643333409582
0.0012047662957308818
0.0011846085557261064
0.0012077435546687441
0.001232792156536287
0.0011074242668977015
0.0011594378316219752
0.001248719616464967
0.001361238907145556
0.0013128010094851771
0.001088444629987158
0.0011948485094505916
0.0012698856244898957
0.0011395831305276083
0.0012979393768612509
0.0011692806422439266
0.0012172987509370676
0.0012589451054982092
0.0011804341988239802
0.0013034922205377355
0.0012310082962187626
0.0011446032320747914
0.0012566285122130494
0.0011279845903084558
0.0011433039701017448
0.0010971270663192468
0.0011750878811363646
0.0012203607163437655
0.0014468214956260162
0.0011231082880332804
0.0012386230257081037
0.0011611241596234975
0.0012563894454888731
0.0011763803851808782
0.0011774039909264115
0.001184244243026192
0.0012558127619701558
0.0010980899467852951
0.0011424930910774362
0.0011533739726460128
0.0012088146744525013
0.0011984409283931077
0.001191864680602604
0.0011869021393769172
0.0011829038900345254
0.001176119578451419
0.0012702209286610238
0.0013192570656341946
0.001200153693218467
0.0012067941578736091
0.001196610886248114
0.0011719615560901757
0.001247704441849713
0.001230447746697698
0.0011890967875113746
0.0012747653144077947
0.0011980134106783112
0.0010822865655044588
0.0011801164132261162
0.0012346408859544389
0.0012496976198743477
0.0012860891738634033
0.0011802225287672208
0.0012170333280283412
0.0012603215601760076
0.0012776291257311212
0.0011796982148361299
0.001171224126299201
0.0011264568279417137
0.001145118312754901
0.0011803424914024873
0.001125757293544037
0.0010494009960924883
0.001076280895349363
0.0012928963151616194
0.0012830427693197415
0.0012916760179310994
0.0011382097699343392
0.0011644778932610963
0.001231819959712666
0.00127144420203919
0.0009583300908443803
0.001202062713646092
0.0012991738458323944
0.0012047039816381708
0.0010785371658103434
0.0012410755182229506
0.0011882460707270304
0.0009593817993931412
0.0012406143269486504
0.0011160799932170443
0.001022573199106461
0.001218207247047942
0.001059690669484554
0.0009250726219712525
0.00127341666400995
0.0013186138285728297
0.0012445448986396425
0.0012152509454202488
0.0013428645019144194
0.0012201018481683525
0.001118452823219218
0.0013651389810497851
0.0011340212642822047
0.0011763922542239113
0.001216043046630336
0.0011489336555587605
0.0006500461932257409
0.001128528935563542
0.001220959772214734
0.00115345634863751
0.0009462282878129159
0.0012140864654682326
0.0012934048619436711
0.0011081476448164126
0.0012905313693596316
0.0011513622490689948
0.0012114844398729131
0.0011422374764532674
0.0011472057443914212
0.0011756092257061196
0.000880142910511676
0.0013038058059484457
0.0012691503841188597
0.0011269107438430018
0.001218314997648481
0.0011197026393098294
0.001115908596619915
0.0010948349689232336
0.0011463733144772463
0.001237636298173272
0.0010998581674460598
0.0011035025497734819
0.0011287777121618678
0.0011279336767260441
0.0011655179565935629
0.00116460486618149
0.0011913197956656461
0.0011006922538417884
0.0010917737129479137
0.0009893657342328502
0.0009909151310960197
0.0002912508835578104
0.0010700890664467955
0.0010491271964194154
0.0010459159748691979
0.0010818289740007498
0.0011685497479742091
0.0012146053909382014
0.001310546415412997
0.0011634394664473678
0.0012702008045516048
0.0011520419034600979
0.0011919689753695317
0.0001561151739708422
0.0011543661105542868
0.0009738640393422953
0.0011531364232587298
0.001164420429076925
0.0012778666891505965
0.0011050966761039557
0.0009654963603400363
0.0010687349145550836
0.0012288329656701602
0.0011815029019169065
0.001393482013354629
0.0011499062781155332
0.001126587752552894
0.0010631681356370684
0.0011127649664267147
0.001156854327373335
0.0010574155201629961
0.0011970533898538376
0.001118746989379829
0.00105446292907485
0.0010528941393154558
0.001092219534447784
0.0010942654813838916
0.0010409496366318408
0.001063805258835738
0.0011186343204584142
0.0010955141413068084
0.0011114738855281313
0.001110866616022961
0.0010811619835325594
0.001102452788282018
0.0010868667176129223
0.0010830267585606927
0.0011195197602181638
0.0011021851039522807
0.001089786592172343
0.0011303791789764788
0.001094919076164952
0.0010900842460131936
0.0010436149824601408
0.0011253125451954015
0.0011149540153960105
0.0011008991632619138
0.0011593923852164377
0.0011460853125151633
0.00118143164048518
0.001157012809928933
0.001168876826765398
0.0010770940307091759
0.0011428303873773132
0.00114880443261463
0.0011713536408450105
0.0011773081036669678
0.0010712244794112403
0.001089890421388176
0.001132152340278197
0.00117264803241174
0.0011593640651469655
0.0011240607013035379
0.0011288708405720724
0.001153989713562009
0.0011363152415614028
0.0011426702489708497
0.0011214936385710015
0.001211603347759825
0.0012025843227586987
0.0011751720321975156
0.0012261752663146174
0.0011906247179320746
0.0010956330293623844
0.001143573161514071
0.0011875694831302503
0.00114637376161949
0.001165313752097369
0.0011415522513064725
0.0010042470336342334
0.0011394130853862828
0.001169023684950715
0.0010727374969926047
0.001075808100383437
0.0011738410726242347
0.001146030801347046
0.0010598873516438482
0.0011312633398534442
0.0011197199753061739
0.0011609332955481333
0.0011220655853396873
0.001137338687127066
0.0011453872805204665
0.0011774637633817692
0.0012292390447461688
0.0011782279819253037
0.0012177511956428016
0.0012265020539057791
0.001129773958232095
0.0011877525473494128
0.001167413623381306
0.0012161098996030118
0.0012391001400588882
0.0012222161565587943
0.0011351836440808125
0.0011608858672177806
0.0011416707031564654
0.0011949081603037756
0.0009663963549052766
0.0012240561137330736
0.0011468765632926918
0.0012030766772339419
0.0011992984648930023
0.0011451652542715629
0.0011547251140855066
0.0011745832152342617
0.0011695364107015217
0.001229502464223066
0.0012110667570994463
0.0012488643223513218
0.0010658109395797282
0.0012810817489686656
0.0012345911984843055
0.001240072204537543
0.0011781375282302327
0.0011016776908448554
0.001182852075110766
0.0012536932236652321
0.0011269657970569339
0.0012271977312661021
0.0012043204675328502
0.001219646341540185
0.0012101145884018062
0.0010349115844181128
0.0011360098263648592
0.0012522378621817043
0.0012418747554078795
0.0011537688628132556
0.0011905084982570442
0.0012174191207083925
0.0012210491170747038
0.001207584721330302
0.001201398441007245
0.0011882353387683178
0.0011090061320345023
0.0012551712095852105
0.00124870550061705
0.0012483191456215148
0.0013031580253808444
0.0012229937175104574
0.0013256661149791764
0.0010997007690762726
0.0012756693285450522
0.0012165536175343609
0.0011971528684384634
0.0011387399249295242
0.0011403353191674769
0.0012611707258048713
0.0012261883454392864
0.0012666003203978015
0.0012532744239918988
0.001305196426055685
0.0012772183408753578
0.001196162049443342
0.001255677689930567
0.0012568415463495028
0.001121354565072857
0.001123939009386963
0.0012033817488489907
0.001233458877387533
0.0010964886784378693
0.0012461576582090315
0.0012498904736986396
0.0012362946474250157
0.0013629734525088767
0.0011907065352128614
0.0010264842079084865
0.0013020044260127995
0.0010982662536211897
0.0012833136869239087
0.0011843361825012123
0.0012564080609465526
0.0012718304113270367
0.0011739540380944753
0.0011734902199794215
0.0011739805329007836
0.0011667752932337757
0.0013027853672496132
0.001149511681257798
0.001179644300423381
0.001071801569425027
0.0013018385204335654
0.0012903335912182578
0.0011895839242941784
0.0011604543531964794
0.001290713401351733
0.0012067830482059719
0.0012124888379321484
0.0011782486461915066
0.0011858629898624236
0.001135371720015136
0.0012201688305014111
0.0013092526008804234
0.0012965927623301823
0.001156612170095033
0.0011804054650096298
0.0012045382774291066
0.0012470806063516128
0.0013036606440485743
0.0012028312487445396
0.0011809788949679171
0.0011556887272919224
0.0012736696699960877
0.0012251309236193703
0.0011691438099228047
0.0013280595172652902
0.0013173272111813724
0.0013115005926796314
0.0011692803283647212
0.0010236649095714265
0.0011500367146033896
0.0011286397343336608
0.0011687664815365293
0.0011048704494066837
0.0010124602291435147
0.0012272404659540836
0.001138218988001187
0.0011029163577012447
0.0011795049507250862
0.0012030744512282047
0.0012107571026917993
0.0011949257028191112
0.0012985969411354037
0.0012621912963706457
0.001133268482388624
0.0013194294783390732
0.0010997608135134744
0.001150693337553925
0.0011605871563463424
0.0011462427894613468
0.0012604890900297203
0.0011553080699059019
0.0011932486798901737
0.0011677590456612775
0.001177183851085804
0.0011601177661251408
0.0011792367373995012
0.0011234504558849728
0.0011737151207061496
0.001107526257307692
0.0011675836339242122
0.001157091101294339
0.0011034013105613086
0.0011971807690797124
0.001187787618110648
0.0009962302329244673
0.0010799517209234399
0.0012001473031357675
0.0011069848974623916
0.0012040055253850644
0.0011584234545814912
0.0011433985757185303
0.0011436256734385522
0.0011215687153625334
0.001078510322126378
0.0012064030716526827
0.0010565131547529373
0.001238144705722075
0.0010590522860485293
0.0011443911275581615
0.0011075069015591237
0.0011177443861413797
0.0010989583853277566
0.0011093489798082857
0.0011621298443666517
0.0011664621731169375
0.0010731474742054156
0.0010991498648263436
0.0011478462852520558
0.0010695231289525333
0.001106874312603874
0.0010917157470174542
0.0011380512712798453
0.0010852587424008046
0.0010585044038599661
0.0011210574254100312
0.0011027119619832794
0.001159544969714887
0.001196609038778182
0.001182631855304213
0.0011147485695691232
0.0011709279441857103
0.0011641200825904029
0.0011299353076602314
0.0011303450759684835
0.0012138123246231585
0.0011747336627476951
0.001177421405553388
0.001121293818239003
0.0011561630539164006
0.0012167776672972206
0.0011150174490874045
0.001167932356869028
0.001191444979900325
0.0011568339595688392
0.0012317502437798676
0.0011268205692469173
0.0012166947675222464
0.0011382258301500946
0.0011278784560709728
0.001143491609265441
0.0011726934420393154
0.0011994580764680262
0.001154986156811263
0.0011424904524609326
0.001160133127525439
0.0010830433849787116
0.0011709934813356017
0.001064667713265387
0.0011455045316293266
0.0011740274928673147
0.00112590422975048
0.001143767728399616
0.0010976842377632917
0.0011480411954408777
0.0011879267533383934
0.0012509494769673683
0.001173963232633003
0.0011786059475698578
0.0012333104139662732
0.0011897312251430733
0.0011962233440460288
0.001156388737583624
0.0011246103135677578
0.00119807663134936
0.0012013117652700652
0.0012744214492943495
0.0011512774292439822
0.0011424588540950669
0.0011466574550283261
0.001193446601114233
0.001230429193514469
0.0011548214738303611
0.0011620148451796993
0.0011971695097283395
0.001210368297338007
0.0011809991746621995
0.0011695405039350664
0.0012304321501702335
0.0011903900541936601
0.0010896389112858304
0.0011235455529808609
0.001218130050201106
0.0011807888447863525
0.0012311130493879968
0.0012004921162622215
0.0011955579534594838
0.0011837531344692951
0.001206776211998641
0.0011799863017001473
0.0012582542909533312
0.00109067298504907
0.001185021676200015
0.001115399069930262
0.0011924094928333054
0.0011923534834976878
0.0011947185769222066
0.0012243121194496693
0.0011904908091770038
0.0012560153872544382
0.0012071064499751473
0.0012071731342505802
0.0012412569970614161
0.001234727685509992
0.0011364697098118824
0.0013027836429653269
0.0011225431787508656
0.0012751096336360668
0.001161826882775057
0.0012521667977179833
0.001098234997021098
0.0011606253145516163
0.0012396762975120815
0.0011893434068267245
0.001236872297162766
0.0012988528549865144
0.0012938621003201751
0.0012700684709616328
0.0012563942583581553
0.0012559358670733395
0.0012426382854138183
0.0012351813529485373
0.0012731643970301484
0.001146141522324587
0.001308762936555227
0.001256029739299739
0.0010910196109948415
0.0011730222299492494
0.0011998275105793833
0.0011750118679170437
0.001313876126511187
0.0012295619297654648
0.0012663243753551017
0.0012949852994207668
0.0012466167785367096
0.0012408880093196515
0.0012324964831465933
0.0011866804143357583
0.001254388029496832
0.0012280617476382921
0.0011474927724576167
0.0012816495072074685
0.0012017833897728085
0.0012458989703285832
0.0012058890098014146
0.001364626001411784
0.0011568139624059256
0.0012884426106411265
0.0012761673803338533
0.0012640409671585268
0.001239951330023269
0.0012984699900563466
0.0012007855647958485
0.0012347302902899911
0.0011177040735615028
0.0013544220504096067
0.0012282318936138402
0.001287033740931696
0.0011723335906333942
0.001302620147995044
0.0011400495964085451
0.001187869428496488
0.001143455822008658
0.0012974021246131193
0.0012267484374693432
0.0012862166830473355
0.0011940111632189898
0.0012737752931883451
0.0012559087944438564
0.0012251170974194655
0.0012976887429602647
0.001218455389695996
0.0013084077424443366
0.0012494281373262286
0.0012515462324965553
0.001260143366217418
0.0011799058776797836
0.0012371717428446938
0.0011994583080290585
0.0012024416012287621
0.001202265244569878
0.0012715733008353968
0.0011963088365672682
0.0012813672496764918
0.001261758311353267
0.0012409206594509938
0.001297093081355653
0.0011875796309243167
0.0011249142590341935
0.0012642611671866096
0.0011315508632448433
0.0010259683807240375
0.0011575925656058803
0.0011075130957895656
0.0012577204489203435
0.0011623173031134468
0.001226042414007763
0.0011692954598934231
0.0010485485758602734
0.0012403624408144768
0.0011977721540671264
0.0012720408837550846
0.0010345781952899198
0.0011224399386647592
0.0012720361158204774
0.0012047156226735664
0.0012138581586037666
0.0012069485026698957
0.0012970251058181579
0.0012353526479418355
0.0012770440632687795
0.0012269588676124825
0.0012698610713575587
0.0013162163590398083
0.001314599382857063
0.0012461418716193673
0.001245946165491443
0.0010847506744623685
0.0012604031422209585
0.0012294100654270759
0.0012044850284739718
0.0011797198835260482
0.0011296295435022446
0.0011452820490696015
0.0012760374094895257
0.0011869171098360303
0.0011181701862189696
0.0011831034354116681
0.0012645459805609523
0.0011544531843082405
0.0012692140841829402
0.0011596303385903724
0.0010455540056292546
0.0011768145424464025
0.0010968068684837013
0.0011367900876841804
0.0012084234545010437
0.0011973506707689122
0.001267220158982189
0.0010972013018053705
0.0010865291066613739
0.001158324879502557
0.0011670532801335387
0.0012416564950567283
0.0011732722195358836
0.0011398034664367705
0.0010440958185621413
0.0008071607780908468
0.0008779121458965505
0.0009243104927915299
0.001100235439978304
0.0010192335316767916
0.0010899164140192807
0.0011749110651322224
0.0011855536394578098
0.000992395362261688
0.0011504564602123717
0.0010710514745273273
0.001080045614285962
0.0010786586469696065
0.0010937684250067348
0.0009817776222191652
0.0010780011242571502
0.0010370682391082828
0.0010857275730680185
0.0011320663378133436
0.0012077515128472152
0.0011469852738057978
0.0010691945084027213
0.0011811056129698771
0.0011940129704053643
0.00104497099591771
0.0010824552883589237
0.0010897077168202875
0.0011090994153040124
0.0011896616085943247
0.0010476034090277882
0.0010919501427166822
0.0011536646444686672
0.0010955453815494475
0.0012407319183517914
0.0010953684314238936
0.0010159686175921826
0.0011476029250972585
0.0010663506279340387
0.0012290625462954838
0.001093755003421169
0.0010844901863178303
0.001093916323237381
0.0011295751127263168
0.001049512267654652
0.000827458682944035
0.0011182497740273682
0.0011266938201291994
0.0011705247647823356
0.001095560023304498
0.0011003268949897063
0.0010389208753519943
0.0011836212678575204
0.001087972604418358
0.0012156396840781447
0.00100286023262761
0.0010740250122699333
0.0010442156088495455
0.0012360614354232668
0.0011315798205217829
0.0011960604824575204
0.001021066478753334
0.0010200294704321435
0.0010033349617034261
0.0011117576535667668
0.0010294450030372694
0.0011006153274556263
0.0011946685443360535
0.001089497641993628
0.0010083436112087068
0.000969084679012533
0.0009371712401158502
0.001011180119086632
0.0009269671025468144
0.0010622432374136454
0.0009536356911424425
0.0008747538890701317
0.0008145188324240921
0.0008934208419608986
0.0009168789103143623
0.0008904757108103765
0.0008825437796423507
0.001137956495364985
0.0008917884502930342
0.0012051607076906795
0.0007427768909337636
0.001397170651913604
0.001413809185516198
0.0013048340255583215
0.0013322845592091583
0.0013419582958845509
0.0014122771571665061
0.0013655899222424174
0.0013576740593068866
0.0013329260538835032
0.0013841252085124401
0.0013127155328405394
0.0013538544829353235
0.0013292137196868972
0.001339673105136932
0.001341239520827857
0.0012779626045335798
0.0013478627933265627
0.0013822610505340104
0.0014107646990266143
0.0014723161283376057
0.0014596659741773189
0.0013254446005871992
0.0013921188778917666
0.0013598267832115839
0.0013334608666115619
0.0013253138555891582
0.0013569323444754618
0.0013783461877419725
0.0013913879426773292
0.0013607955654798196
0.0014046538341689328
0.00134091430530041
0.001344357175957279
0.0014195499220393162
0.0014251879178024949
0.0013493271244768618
0.0013523308978200018
0.0013180676469069924
0.0013865308529105872
0.0012713991169280875
0.0013242150828379762
0.0013572611672610123
0.0014088922221700757
0.0013851265134813512
0.0013814988160611948
0.0013409887962108327
0.0013823438592700293
0.001318115240752246
0.0013123034589860394
0.0014604456957336839
0.0013789305810100923
0.0014185870130998032
0.001386363543944733
0.0013722070375105733
0.0013459421573191938
0.001305267541882422
0.0012604890692436434
0.0013219387801599333
0.001409618124223415
0.00141282903515628
0.0013531189490348387
0.001295278170933677
0.0012990894595462414
0.0013775962971097858
0.0013268829753218872
0.0013161386728147777
0.0013378684185886907
0.001313528902886198
0.0013198517126848071
0.0013230767184399996
0.0012914861704561996
0.001280381681275062
0.0012729836109604542
0.0012746155538233609
0.0012882020915561286
0.0013324614122106363
0.0013011758246756508
0.0013114058928590086
0.001302030300251506
0.0013249794641330473
0.0013378061778615898
0.001311993657683781
0.0013093043314656137
0.0013372812832681393
0.0013434633572159767
0.0012925337386711462
0.0013451911923884183
0.0013412557719289307
0.001365714962828341
0.0013299471406969673
0.0012674368143284606
0.0012859212675196937
0.0013864788331102264
0.0013183448773396089
0.0013000992774920422
0.00130535867146828
0.0013147107613633608
0.0013009384063694522
0.0013894783250282424
0.0013238372394913163
0.001276817324092284
0.001354043511318362
0.0013265481005759472
0.0013159088145066728
0.0013104963038052069
0.0013093703773904824
0.0012853715341511287
0.0012894498059850075
0.001336314364781011
0.001302942316926666
0.001322452257237771
0.001375680458238576
0.0013882296972963749
0.0013120414885885309
0.0013328954154711158
0.00134628868380326
0.001292940427009673
0.0013278563578704218
0.0013924283687327497
0.0013382638571706226
0.0013646441780971338
0.001323304408389293
0.0013411115468461219
0.0013138398022304874
0.001315092207951132
0.0013512995049458085
0.0013866043165205477
0.0014120056833475101
0.0013581914733126694
0.0014804671960690994
0.001430608064849773
0.0013821371210604283
0.0012468617920877478
0.0014076899984601
0.0014279146001402458
0.0013792151777349748
0.0014777249550966957
0.0012513327360773293
0.0012727799509843923
0.001247123087565886
0.0012985785994239572
0.0012285221837070152
0.0012181548060058586
0.0012213656437999208
0.0012311019145215053
0.001270621419276769
0.0012626055080740385
0.0012776144717148482
0.0012466639026253072
0.001322381165579152
0.0012764080202164385
0.001262214922241715
0.0012540938540976654
0.0012706583118444977
0.0012258921624773743
0.0012304657126222124
0.001262327018031333
0.0012779871681484073
0.001269314097815414
0.0012937727188688576
0.0012614387648377892
0.0012558012924660685
0.0012433264240766183
0.0012422400457392825
0.0013158667694986195
0.001257818961284293
0.0012607013461793369
0.0012464936722703585
0.0012571052967699432
0.0012900126358548196
0.0012151312548340772
0.0012579866872717963
0.0012764425364803387
0.0013346242397768563
0.001310633217989089
0.001277289014235772
0.001279670708152145
0.0012538485345410983
0.0012459968558731621
0.0012639407598657255
0.0012831196537494314
0.0012737675932721687
0.0013345460013176119
0.0011981057384205611
0.0012821677571005874
0.0012619027159988818
0.001248811040044604
0.0013078779335494695
0.001315435149552216
0.0012604274196646385
0.0012780122873917031
0.0013239789296109025
0.0012977605837505405
0.0013225096053358753
0.001313867318879049
0.0013277366258696486
0.0013301688919375417
0.0012919888191396842
0.001168532887428907
0.0012193480054218163
0.0010480681748159244
0.0011868953600232667
0.0011859908675332777
0.001219659493883029
0.001199290202307885
0.0012341633992725134
0.0011231469243802158
0.0012309945202829441
0.0011281952328190581
0.001230674369103536
0.0012597503628485934
0.0012193381478488288
0.0012482765415255924
0.0012703908019010607
0.0012769888207618324
0.0012579231405646675
0.0012456024955604277
0.001277270066558694
0.0011812092605672855
0.0012101025468341058
0.001259999469464136
0.0012371007493672623
0.0012268481731842415
0.0012600005082166552
0.0014113169631873057
0.0013468662084160352
0.001315658543294003
0.0013469006604524343
0.0014416263832195378
0.0013911617437317538
0.0014455864504002622
0.001370069097069882
0.00133233086444659
0.0013356986963088708
0.0012840227310102427
0.0013546128972781112
0.0012576027693924463
0.0013187468988092093
0.001330489198273603
0.0013214353271881576
0.0014038940955086213
0.0013336225952594058
0.0012864598235759433
0.0014177407407908872
0.0014209121635567307
0.001297546129976951
0.001369281704998237
0.0014366907583789868
0.0014529320246080863
0.0012844761649597365
0.0014087706566636186
0.001283968578882658
0.0014755687557995775
0.0015296347222902712
0.0012155581499839296
0.0013049950014212362
0.0013988710220300652
0.001299521276504429
0.0013966880894415777
0.0013364165434868102
0.0014096973511158843
0.001314679577462899
0.0012726923309380367
0.001419066677161018
0.0013065592634562222
0.001436441801813671
0.0012377045338637105
0.0012599266571901222
0.001409314605342135
0.0015086879495851662
0.0012724038111257708
0.0012667926614155724
0.0012559885002911084
0.001147863076266546
0.0013198099266990661
0.0012347832414981914
0.0013738853019175784
0.0014054701149409747
0.0014273651016349772
0.0011671321626051073
0.0011934190279818111
0.001340686745335853
0.001374810357725938
0.0012795954738790299
0.0013155571421226352
0.0013249979341109013
0.0013231006400245774
0.0012745145727655774
0.0013242288455205097
0.0012555068707628618
0.0012929096516887885
0.0012762146648902272
0.0013628610760341264
0.0012950460666391614
0.001286229582010717
0.00126498854315188
0.001289118772607796
0.0014533667382690151
0.0013010852203782656
0.0013437127531980273
0.0012551598334179619
0.0014518314381889669
0.0012624539447303026
0.0012956717859447019
0.0013317197660904876
0.001312121224734943
0.0013965050816510747
0.0013120807400619633
0.001338085561085235
0.0013149724790998847
0.0013100843108404849
0.0013339216927066885
0.0013066405571594585
0.0012431544107780216
0.0012780233807701538
0.0012719003590860253
0.0012180852882766199
0.0013014814534143275
0.0012983588375871597
0.0013711320953499829
0.0013327841565816316
0.001357036099736827
0.0013008467155638792
0.0012917991346284093
0.0012733898467959415
0.0012808805320916234
0.001310949690295354
0.0012006845339533974
0.0012818097865440368
0.0012292606322632555
0.0012599274729751919
0.0012903956786954381
0.0012351827297166597
0.0012248735575156435
0.0014163567117823116
0.0012318920463444483
0.0013943398689947022
0.0012370152425853005
0.001373761451473686
0.0014241384792050842
0.0012707614471480057
0.0012352086591603023
0.001284863992091775
0.0012964173844195496
0.001259212365816522
0.0012338948995408853
0.0012766726155219626
0.0012808734949533397
0.0012389797296726499
0.0013313656581763038
0.0013947076290117533
0.001199015526954624
0.001221551396529143
0.0013450271586034606
0.0013303394332980067
0.0013672145284311776
0.0012325774915305572
0.001191760083988373
0.0012623708878969529
0.0012471880815620416
0.0013140370479687896
0.0012562661806265042
0.0011916912167547625
0.0012640689082127243
0.0012318168904274008
0.001183295737822387
0.0011623187778742698
0.0013828417333476809
0.001251085858895829
0.0013091757509325057
0.0012045159589820504
0.0012495670856409857
0.0012615444205243192
0.0013446413414802624
0.001101750963984384
0.0012430964202333101
0.0012531095189350675
0.001220138769138082
0.0012445756603791341
0.001245087130304901
0.0013038645544175402
0.001267242803617575
0.0012880923232401432
0.0012597643488961748
0.001205808555534885
0.0013200411664048128
0.0011606290979932089
0.0014042785629306087
0.0011992743572840634
0.0011940382661484053
0.001207490519774056
0.0011163471188578556
0.0010983481246039247
0.0011258292964337936
0.0012017850375345507
0.0012862454104963226
0.0011910782335497253
0.0012363091928200955
0.0012208928361132308
0.00132397272287771
0.0012663250656214488
0.001231921570809703
0.001238632296579051
0.0011585435632459823
0.001191755188288251
0.0011671644314164154
0.001194241603948251
0.001202235005275563
0.001204414645496117
0.0012138541022012315
0.0011908889817499023
0.0012402846204889256
0.0012379933839814794
0.0012464308004330837
0.0012161755618043102
0.001253737574926593
0.0012463801707620111
0.0011772318781703363
0.0012468059594353195
0.001182543708092844
0.0012325742789898837
0.001305282137367904
0.0012213106647411174
0.0012133674266767034
0.001207479735684067
0.0013278139176649485
0.0011857585185668714
0.0012645247704125568
0.0012277225239903271
0.0013192809748586842
0.0011813590822205222
0.0011298750724791774
0.0012489100694044227
0.0011471525150789903
0.0012432548107365318
0.001135917171650921
0.0012826953802414
0.0011820020111726656
0.001200288351513851
0.0012348275903017372
0.0012665800493103197
0.0011833977093462366
0.0011694930862285544
0.0012008767216849215
0.001237411122476388
0.0011523626502775808
0.0012120796176879392
0.0011617662486350718
0.0012046027509205678
0.001197486075163922
0.0011769246431913133
0.001112918120173808
0.0011420022527165875
0.0011848238091311542
0.001261688647658036
0.0011861811039321165
0.001219697197751961
0.001210851368148308
0.0011860841695452463
0.001242301188781577
0.0012225401666007998
0.0012258275214912942
0.0012056877158049086
0.001254496420117297
0.0012497933049353187
0.001304485418527744
0.0012037014999003697
0.001277797163928739
0.0012287122103835709
0.0012386997287135713
0.0012885484360565629
0.0012926758157528046
0.0013054122139898316
0.0012588027073216063
0.0011893408194362197
0.0012502233474210086
0.0012841878493117759
0.0013143513119893255
0.001245464681762969
0.0012772461777533243
0.0013736564636822259
0.0012833687599303036
0.0013366357245155496
0.0012515124112567973
0.0013234640311027706
0.0013040092583516385
0.0013231469805764237
0.0012856526465541355
0.0012465771615792225
0.0013360502245146517
0.0012646457164084952
0.0012370843724503556
0.0011722448755058202
0.0012854555921451185
0.0012734527822634515
0.0013411977204958274
0.0013361186725642817
0.0013274590248003662
0.0012701087478161888
0.0011863022668735985
0.0012803933080170805
0.001280719800316233
0.001304759488457291
0.0012234499791773886
0.0012450899955600413
0.0012132896162802417
0.0011368810145577287
0.0011055968469007246
0.0011612260333231956
0.0011727061563077633
0.001232213032055651
0.001179488280964089
0.0011143330717351804
0.0011839882515643349
0.0011088946621529074
0.0011595676473354407
0.001211782524963609
0.0011887151863904867
0.0011174811040999908
0.0012019856800252486
0.0011500309070833132
0.0011379784553017971
0.001204306570378359
0.001219305423979372
0.0011593650098684065
0.0011524972914040198
0.0011891661441450505
0.0012136794324733003
0.001152623078354816
0.0011283958066128604
0.0012461987191957815
0.0012316398178573733
0.0011968821339304009
0.0012184832304409409
0.0012324726209754211
0.001191931242529737
0.0011380789920856775
0.001274402796956726
0.0012449290914329707
0.0013003047495714784
0.0012533187658370936
0.001274602278754336
0.0013095196838673235
0.001359401741612549
0.001275819569609219
0.0012729456494054768
0.0013173943882177415
0.0012525023416192908
0.0012892600734023228
0.0013033443296402009
0.0012325658495299957
0.0013189831125782515
0.001139325976963628
0.0013557422762914488
0.0012170343825787583
0.0013476447661544136
0.0011686706899069093
0.0013349651982909848
0.0013350238915185776
0.0012512014684311927
0.0011562164117530063
0.001205743192773988
0.0013360273668025953
0.0012398930665630857
0.0011754471342477922
0.0011560502506092593
0.0013408301524049364
0.0012422854057360542
0.001324261613048731
0.0013360668959056603
0.0011910206900240655
0.0012854726475599334
0.0011391697661645398
0.0012159377601979255
0.001209530194864364
0.0013421947923247227
0.001170953432107092
0.0012737052325489178
0.001147776328661606
0.001190571583924046
0.0012358065632022052
0.0011822871371529428
0.0013012896985246701
0.0013499991143598082
0.0010390329439549468
0.0011888483884434982
0.0011847716054536215
0.0010817544668304232
0.0011745911186357332
0.001087703458974673
0.0010922199787607222
0.001118012809386655
0.0011169466212782998
0.0012058491163918171
0.0011424829551856706
0.0012437630702869164
0.0011871656477400578
0.001254290389668895
0.0012551689947582544
0.0012242678232149077
0.00128665951262629
0.0012751860813941412
0.0013347258953133676
0.0012162515033369557
0.0013063384830239685
0.0011948427046267753
0.0011035539510956742
0.0011705879017196528
0.0012031773552493136
0.0011897585478879626
0.0012337355587586387
0.0011698962854468033
0.0012523734739552997
0.0011669893746110171
0.0012787250016715287
0.001184509116979131
0.0013094433007171372
0.0012677215468117264
0.0013584130643825875
0.0011417271136641076
0.0011106267800048465
0.001273914230851687
0.001277014443270832
0.0011572870770670798
0.0011404038661034896
0.0010571282392238786
0.0011230971468378713
0.0012737712307546488
0.001176206901058669
0.0012631396208505157
0.0010776814964784667
0.001191480142394411
0.0011193088602109876
0.0012065392026754627
0.001208842414607896
0.0011938435513622584
0.001144225715950114
0.0011337266287487564
0.0010844101226416155
0.0011315626657745243
0.0011242428516070736
0.0010669179521773273
0.001081160316495742
0.0011399664393499534
0.0011980322439813782
0.0010842825223307208
0.001168892884372931
0.0010827440261546163
0.0011477078996138983
0.0011503302877028702
0.0010650223153003968
0.0011153762279734769
0.0011029329130149827
0.001167356889138039
0.0011745877391948923
0.0011139322069627527
0.0011559743268362123
0.0010981614140600797
0.0011282491039289418
0.001117008998356538
0.0011208489853480645
0.0011924478655804841
0.001208673343779395
0.001217230834470425
0.0011047907222838853
0.0011739886507395531
0.0012467179620019695
0.0012099905082653935
0.0012478316363330041
0.001202050551355184
0.0012128716667164296
0.0011630465467091337
0.0011443119310358633
0.0011478034150910715
0.0013417715914191195
0.0013384467035830855
0.0011742250439066087
0.0012776345569428557
0.0012019240031146052
0.0010862539353936336
0.0010747694493853962
0.0012216592125418293
0.0012039337848560284
0.0011714359633754551
0.0010720080668630374
0.0011842169071251015
0.0011281100110994997
0.0011739029724694308
0.0011457809950740298
0.001080544115884662
0.0011249141668459443
0.0011440748431008495
0.0012238031601799414
0.0012352846193783862
0.0012143312235860847
0.0011773764236894051
0.0011069645472528635
0.0011181200920742027
0.001140190063562826
0.0010490112386663231
0.0010388976375963399
0.0011168223560446824
0.0011603837824140635
0.0011472307504772448
0.001266401078820667
0.0012277283965820827
0.0013646589802985517
0.0014183492705956387
0.0013692067108307554
0.0013782428008137298
0.0014554745508166239
0.001291956671531346
0.0014286192979497765
0.0013809710624570228
0.0013503395304248706
0.0013014388419299906
0.0013300010237413218
0.00130184118769801
0.0013222025509852318
0.0014300856322148794
0.001375235785332351
0.001446450857496754
0.001339040802988777
0.0013221420926526704
0.0013276758018563246
0.0012761465998603185
0.001354965618818681
0.0013954616701692488
0.0013606693094742014
0.001384501708161046
0.00137612664000054
0.0013651410229054293
0.001394820575066337
0.0014224809787812714
0.0013541219090293852
0.0013785690740399776
0.0013147327935538323
0.0013541592860498663
0.0013176965988737212
0.0013011743406802102
0.0013521316180925933
0.0013197946256455794
0.001324660358759968
0.0013871043896321548
0.0013974084543999146
0.001271468177493999
0.0013901629585161002
0.0013817118025323083
0.0013754455678663886
0.0013979187584347809
0.0013692069803565813
0.0013681596096927005
0.001278994681537804
0.0014146702699600231
0.0014044254496640052
0.0013634088562552865
0.001422370086577212
0.0013756635318029312
0.0013926835568132232
0.001467126386382518
0.0014588347219735352
0.0012890495727043024
0.0014434595814614612
0.0014202752270833596
0.0013299543004333114
0.0012768000082272212
0.0014290707859936503
0.0014139101211306409
0.0013907917041272478
0.0014109944898194177
0.001318941923611426
0.0012530647321252943
0.0014116409424076277
0.001435429706788085
0.0013348816563147495
0.0013997113848329688
0.0014139114675257832
0.00145645853930517
0.0013505263062677769
0.0013042827546924226
0.001452821895230178
0.0014389376242135757
0.0012957890882307527
0.001423738968189689
0.0014655852554975065
0.0014670547378475762
0.0013425752125348306
0.0013176544165015328
0.0013298917310797615
0.0013644702017303774
0.0013508528360153006
0.00133720707455332
0.0013602699034111116
0.001480503534610257
0.0014150392756492223
0.0015042090596136886
0.0013052271937833168
0.0014499617853972553
0.0013437298797616675
0.0014517450270134164
0.0013266444822376158
0.0012996753245381786
0.0012541102157491671
0.0014315555905618942
0.001434756974610933
0.0013540703663956323
0.001364530197016254
0.0013680998295619235
0.0013032332224089654
0.0014525292444702363
0.0013394186064669827
0.0014414582179842342
0.0013822855269964782
0.0013578108789282322
0.0014116305954619817
0.001474530336399273
0.0013692287288028778
0.0014438263806730545
0.0013053868766697196
0.0013788599185111667
0.0014331024808058603
0.0011835955536778173
0.0013782898943088193
0.0012629551886738002
0.0012832696858624793
0.001196470067966778
0.0014043714714848214
0.001398319249350597
0.0012901688076990636
0.001317712273296504
0.001355339471092673
0.001395370391859344
0.0012362800844984401
0.0012465395043924669
0.0014389467364365654
0.0013844647493899448
0.0013364648628581088
0.0013320544869496957
0.001380334658064122
0.0014292245241158245
0.0014082118004111403
0.0013471762350503623
0.0012843609678578137
0.0014176437949710951
0.001430277701908152
0.001311045297964555
0.001321992354200025
0.0013452534002315769
0.0013354026113695612
0.001348549972875841
0.001324408539976364
0.0012562364521403679
0.0013487508059225489
0.0012870399909853869
0.0012986247720436581
0.0013179631004280427
0.0014419419731722188
0.0013535289932150004
0.001290613548315994
0.0014244447918344693
0.0014119853947697793
0.0013946164058452261
0.0013921340400232937
0.0012706258222438564
0.0013450773538204832
0.00125804724960274
0.0012294569661868726
0.0013612759360519782
0.001368594231146139
0.0011867425260040033
0.0013743172125058856
0.0013367273342055788
0.0012643888380341655
0.0013321603008713205
0.001283017430926721
0.0013195730678936222
0.0013117939422419244
0.0013970862483326542
0.0013441637847725488
0.0011691609691822488
0.001281029422392233
0.0012038447910649513
0.001268673658746429
0.0012464097910347494
0.0012530805480967097
0.0012688850942791827
0.0013296233756979045
0.0013058579741467703
0.0013819993868664274
0.0011588947091778522
0.0013325556357291234
0.0013358216946988306
0.0012939800499020646
0.0013571004997408708
0.001323754854013117
0.0012829200471766579
0.0013516920803626415
0.001362149254626993
0.001271768548119515
0.001312907631546226
0.0012747461080904409
0.0013033691784072698
0.001249761564422592
0.0012641049879010687
0.0013107666257872854
0.0013763786254000548
0.0013284175780446886
0.0013365813448790544
0.0012669394766500282
0.001297890184699955
0.001353342356159098
0.0013016335331440356
0.0012893276320882015
0.0012112826139082495
0.0013141899790081058
0.0012838832898616895
0.0012775286073283755
0.0012712871885707442
0.0013149459434365302
0.0013410758145954288
0.0013341200218545946
0.0012971917860609382
0.0012660568086702614
0.0013253492025256392
0.0013286884892329388
0.0013022835266100687
0.0012323223057617613
0.001289533300864266
0.001345811825595548
0.0012652883843149382
0.0012358314848865968
0.0012807415958685899
0.001294602506822587
0.0012710876897500097
0.001298096145522907
0.0009420961444196176
0.001228654137702015
0.0012017051871358738
0.001243077240171846
0.0012908026695372735
0.0012665960931873734
0.0013485702384345038
0.001261547390357363
0.0012870535229047195
0.0012476438725975824
0.0012954418042392588
0.0012087646494535664
0.001219285404564264
0.0012249539849909631
0.0011732422538037518
0.0011901961200451302
0.0012554924600282598
0.0012211861394351097
0.0012104533730918437
0.0013834117535038509
0.001232716587950995
0.0012952616745309383
0.001279381545976426
0.0013027096045426542
0.0013729937685076046
0.0013742019153924368
0.0012680293381979733
0.001196092607001535
0.0012802805115276466
0.0012936300706050325
0.0012034176070458307
0.0011538115962286704
0.0012662262694300014
0.0010657216045113678
0.0012858495160941827
0.001280324474717565
0.0012889103048029482
0.001412206525231136
0.0012833481662752168
0.001273160961644093
0.0012692763004661632
0.0012696807441155
0.001261175547566895
0.0012879558705684436
0.0013286962532161987
0.0013070342518097821
0.00130806970839875
0.0012880624543211117
0.0012854911282421323
0.0012989404009980483
0.001332518681482383
0.0012976404633622783
0.0013059799129788122
0.0013369979299929441
0.0013325103378675235
0.001390255044286591
0.0012451061659998642
0.0013332353404106342
0.0012686032120988692
0.0012835108645025094
0.0013123862977872346
0.0013223273954441714
0.0013187496361615858
0.001250972835368175
0.0012972196821615211
0.0013724534915994235
0.0012900620501217562
0.0013743875610043226
0.0013099332190696792
0.0013222580990775495
0.0013264234978439284
0.0012891053875351804
0.0013467866176376255
0.0013488887731914684
0.0013172093281205938
0.0013879080495329504
0.0013305525447216003
0.0013695792963685578
0.0013731904270408728
0.0013566779855364681
0.001289421294359049
0.0013137677467457104
0.0013435442812483617
0.001281040202137201
0.0014097001694794475
0.0013349565246113643
0.0013744110760981916
0.0013155236108893307
0.0013043137812355362
0.0012974009949583978
0.0013374285120459001
0.0013910226115014218
0.001297839146690495
0.0013755199175695886
0.0014213482631276345
0.001405557372655202
0.0013846324032268835
0.0013547471287179572
0.0013912489318347867
0.0014015333454733966
0.0013726352073294772
0.0013950018254469032
0.0013551513486883171
0.0013644815980910507
0.001363658540600368
0.0013882318854012367
0.0013842821635235251
0.0013704832591078793
0.0014185842421146797
0.0013608399082275838
0.0014347070603465573
0.0014080320921901778
0.0013719031784777177
0.0013724061290384811
0.0013463853526255907
0.0013852904741453278
0.001345931453061606
0.0014110951139011782
0.001383222530902397
0.001406606125792847
0.0013288038620140243
0.0013345612935271832
0.0013392858761417318
0.0014059318143417746
0.0013340615524990627
0.0013714707862237559
0.0013503449389250244
0.0014011217236685111
0.001292243395540918
0.0013570927610799123
0.0013447294572930318
0.0013325927746793852
0.0013712643696757569
0.0012886386586408796
0.0013977710475251014
0.0013853967613522266
0.001359272964971411
0.0013718646039867482
0.0013981701528054038
0.0013563038741165854
0.001407884613202558
0.0014765052028892867
0.001441588234277317
0.0013479516094447937
0.001361046313296734
0.0013536579534288145
0.001302528765121202
0.0013847833087423601
0.001364550573959093
0.001300506038983762
0.001253674746279559
0.0012927862581478082
0.001258410198233577
0.0012807413528447662
0.001299336753176795
0.0012535875019137823
0.0012605671871653674
0.0012994220914933521
0.001304790839919796
0.0013168164208115958
0.0012732790700486114
0.0013516256619875132
0.0012540767498127128
0.00123820762664688
0.0012985418007515005
0.0012683722901578346
0.0012504591777060356
0.0012706415830557182
0.0014050138175354051
0.001321201551498558
0.0012569027267539897
0.0013434535227289204
0.0012769267705450688
0.0013862776414564478
0.0012721628160955831
0.0013217716042369788
0.0012570010982971406
0.0012609525600940877
0.0013109933443518846
0.0013188330518717332
0.0013202736152396906
0.0012986609093081486
0.0013170890336304442
0.0013507640263578646
0.0013155349959452264
0.0013469916845493114
0.001281442184077543
0.0013398437810280268
0.0013023136060664787
0.00131129998402428
0.0012773556772573444
0.0012852980034110102
0.0012901583691310775
0.001288215801259081
0.0012970320491008168
0.0013681478644495242
0.0011961548680264555
0.0013575858939809352
0.0012358975687915142
0.0012359547714402698
0.0012482668361566758
0.00123088414580842
0.0013752485164171444
0.0012450584209833936
0.001244635411874277
0.0012825645179658045
0.0012524587536704894
0.0013623013310106286
0.0012996487100610497
0.0013391094750151951
0.0012483968377867566
0.0013024245173270876
0.0013643188311634898
0.0011979641024808575
0.0012651180607860806
0.0012083118770356703
0.001320501047926881
0.0012107548346461032
0.0012159890310000057
0.0012259544048891739
0.001238241386642087
0.0012064729781772372
0.0012377488494169496
0.0012360455196736152
0.0012619830960800907
0.0012406818146331892
0.001247349826203255
0.0013296160035285679
0.0012462209551704162
0.0012913734855426026
0.0013256555887108767
0.00132819093407596
0.0012827040806919318
0.001282773297817086
0.001254213675282396
0.0013143751930968879
0.0013241466847181917
0.0013547458221957753
0.001279454520368737
0.0012987916594611544
0.0012534031069836953
0.0012847206231194844
0.0013478187060790554
0.0013328824713402304
0.00134512945998049
0.0013052692670880125
0.0013335740547154287
0.0013932702478489142
0.0013944546069384208
0.001314589187294885
0.0013027586573353153
0.0013315304359100024
0.001388010579800105
0.001373691572536787
0.0013585151530565854
0.0013105467070930025
0.0013134874554171392
0.0013359287192211214
0.0013350156655318555
0.0013125420206463927
0.001293122125653106
0.0012911158492769925
0.001314621258466113
0.001299379317038237
0.001255257899409035
0.0012784430957797396
0.0013361849042379372
0.0012747273750900246
0.0012848794864303021
0.0012780631652109195
0.0013258126616684212
0.0012822087366860053
0.0013365370719899646
0.0012938020084375965
0.0012472501002348
0.0013385942197988348
0.0012881846706528288
0.0012689265816766915
0.001263382048147922
0.0013321151524386334
0.001240221294322693
0.0012959397961782649
0.0012626585563937597
0.001351632450893315
0.0012474775762000183
0.0011892208263000164
0.001248559296823177
0.0012359987800507047
0.0012932846101366704
0.0013131589851246984
0.0011882031619349915
0.0012601397315890916
0.0011984538131055906
0.0012305603946828557
0.0012660822738232499
0.0011850945339035492
0.001234293211690856
0.0012750318941624037
0.0012616208442149804
0.0011926118353216882
0.0012204764592376404
0.0013131078969506212
0.0012238858964529053
0.0012871717012796697
0.0012918546120735462
0.001276269626126183
0.0012852759912686277
0.0013963614708139133
0.0013778010608872279
0.0012449514867297722
0.0012635318995449687
0.0012660182245630806
0.0013160186921196448
0.0013677538047613803
0.0013213797273070261
0.0013512652788744072
0.001217378480020195
0.0012657636385386703
0.0012309236126369302
0.0012130235688499287
0.001205581634332087
0.0011733428890507284
0.0013140791262374002
0.0012260992880166392
0.001274040853403683
0.0012326137423264295
0.0012315225843452697
0.0012292890834641739
0.0012523681902174223
0.0012925645271772872
0.0013193837068104254
0.001309882392017915
0.0012143449857948598
0.001193548049192315
0.0012091288546999793
0.0012698376404873966
0.001183984392222911
0.0013007551782758574
0.0012739890815089293
0.0012628296825662666
0.001247333725281509
0.0012742513654139607
0.001237622576492218
0.001198112082203323
0.0012362842336607434
0.0012564479659919296
0.001260311278207362
0.0012157797088628232
0.0012470087738696263
0.0012551282870263516
0.0012190382181019616
0.001279204422785616
0.001229309217232297
0.001239131130819105
0.0013269756157854643
0.0012466265944619328
0.001239327265738311
0.0012751679298939318
0.0012588884762906357
0.0012071711922150186
0.0011966761214490052
0.001202733457296754
0.0012226981866218603
0.0012661941071816444
0.0012366046582597953
0.0013916744472567647
0.0013442184479006253
0.0011810510368135568
0.0012249953311523015
0.0013175232848321907
0.0012636251404254633
0.0011849409154323786
0.001154148605981468
0.0011540729450368141
0.0010949989503836498
0.0012074133188438728
0.0012666601764055796
0.0012936439597443948
0.0012904560501405876
0.0012985654547529128
0.0012855836377135888
0.0012856269607031956
0.0012844820384759269
0.0013032726334355506
0.0012878280383671699
0.0013066785613931333
0.001281181044415452
0.0012979232297727229
0.0012944414461770258
0.0012909405783079685
0.0012731056045362625
0.0011924402468686756
0.00127482392444363
0.0010569034717959015
0.0012711849484652808
0.0012975174766163828
0.0007106275003523076
0.001784171118893835
0.0019183609947311911
0.001833558930564349
0.0009435894211384207
0.001824379156880253
0.00137892275702726
0.00133380383484214
0.0012481072964084044
0.0015817104078747239
0.001985763227167288
0.0016090823835759477
0.0011870026895897771
0.0014848198409035975
0.0016753947584426641
0.0018948485512989583
0.0014430631644423645
0.0018216698544562338
0.0025695831049490315
0.001598224822460849
0.0011679587501321653
0.00127110168865156
0.0012411735243839433
0.0010801881079131233
0.0014036827263283094
0.0005766418121906007
0.0019765744165152056
0.0017426215966678687
0.0016280745445396718
0.001487304037429561
0.0019686462917033022
0.0014016782663272484
0.00110459356136698
0.001415681525284734
0.0010368106858463118
0.0010385530112682448
0.001072743873150376
0.001005168596596615
0.001570967896007176
0.0005863315126347097
0.0008920273950357683
0.001816305134297834
0.0013855948877172983
0.001740672707913939
0.0015889074773718923
0.0013695009280995398
0.0020904248759273554
0.0017538183516457443
0.0017275512292332968
0.0010964187138160478
0.001576667560575599
0.0010472694413662504
0.0012462588620891228
0.0018425303609150537
0.0017239681319694549
0.0007313815917687022
0.001719497856589437
0.0008140058659711552
0.002294279382699274
0.0006433020585064077
0.0023234853832619674
0.0013505142371226207
0.0008675867603108017
0.0008044304682561393
0.0014156959143236416
0.0012395282273034072
0.001491341577283052
0.0018946049565206958
0.0013315064546702829
0.0013460543197142067
0.0009828384530213442
0.001491644887560461
0.0014499968856023537
0.0019029102136969799
0.0018032561855446554
0.0018907910909542413
0.0009731697108014865
0.0013245013447417328
0.00143359632734628
0.0012359708965319649
0.0014446521357939406
0.0012469250535459765
0.00134413177996499
0.002008667221724051
0.0009321503380885497
0.001467833290288493
0.0014500418752018591
0.0011728423521118795
0.001446394186772904
0.001482295507601134
0.0011416261984344691
0.0017684500050610967
0.0016618291361060263
0.0016119716933227855
0.001411897350404867
0.0017216890729026728
0.0012133706665838388
0.0015296813505064305
0.001468461676097408
0.0016215917253662297
0.0016672228630346911
0.0017943558501325157
0.0016894516638949143
0.001683670106289013
0.001025956226239898
0.001799230492424174
0.0016134304138483166
0.0015092007918120173
0.0017330595929138505
0.0015836184145873865
0.001315085905104494
0.0014934968688450302
0.0014832912139664098
0.001715475777298007
0.0017927022834209165
0.0018089738529858967
0.0016162684943838931
0.0015563048559018382
0.0010678549098248208
0.0014501454844815709
0.0016873387065732138
0.001571825426362326
0.0017013469253340792
0.0017115752462263448
0.0018218494135973534
0.002157597255273177
0.0013931756499883069
0.0015888328932405198
0.0010768140022089923
0.0011060799868314126
0.0022463783598167288
0.0009627388082959169
0.0008837750228641554
0.0015837061906367295
0.0006717028289225487
0.0006570224135057415
0.000867279205054618
0.0002645827360178978
0.0008274482163698796
0.0009369838538392741
0.0008087108026524467
0.0014855008606757065
0.0006492534997124003
0.002201253271181678
0.0008965792633836157
0.000715191525905997
-0.0001432459971593841
0.001180378326578742
0.0006313785029384261
0.0009725629640004665
0.0010993671369811586
0.0016194352622575763
0.0008819946285234231
0.0008617066397826673
0.00021827128057792377
0.0016247244820698737
0.0010581880689522034
0.0006603847381479506
0.0010299277306958328
0.00031935146772908
-0.00037824888934257406
0.00015631846372630938
-0.00020521155158312668
0.0004786540742361674
0.0010957300808461267
0.0002853247278336342
0.0013324569453853998
0.0013755313108418097
0.0006371503148483725
0.0008455610071429242
0.0003476695017770941
0.0008382675238702908
-0.00014588279337887023
0.0008094004533764624
0.0007574110794829668
0.00028568799200835444
0.00033940225631371406
0.0008694284349494999
0.0001411054503720733
0.0004760129865169643
0.0010822406567630137
0.0010869325025690403
0.00014389568241355747
0.0008760983837006568
0.0010394894757426683
0.0014867406264808792
0.000997762392485988
0.00038746697680710855
0.0017264962190785826
0.0013402375414108309
0.001220758004207224
0.0009440745269773995
0.0010472139087980142
0.0004557253909312213
0.0015194192299803585
0.0010028774845403684
0.0005291564437921022
0.0010352382066158468
0.0015142188902743884
0.002278543226316844
0.0013722069321733831
0.00088815428450252
0.0012019620494251406
0.001623205199852943
0.0017387564641174547
0.001234364020722698
5.620435945983279e-06
-0.0005156031347469362
0.00046383712728189573
0.0014622494276507374
0.0008683571152193079
0.0004576853279187119
0.0012594678857641849
0.0005158073777524606
0.0014152192964332403
0.001310579101564512
0.0009517880435566657
0.0014930694449093959
0.0012902945375015892
0.0008419241568269404
0.0010253907870765133
0.0011352578087440834
0.0006352900523582728
0.0009784449053068843
0.0008513008599586609
0.0008380551978974241
0.0007325546972340438
0.00031335622521069453
0.0012099331165678947
0.0008486563288665895
0.0010591737849653944
0.0008567077116696139
0.0008319186815951517
0.0010460885588403526
0.00109888554814141
0.0006804615646512008
0.0009075485504945662
0.0008037984801766004
0.0012148340047037718
0.0013030323074898547
0.0010417114520213176
0.0011371763740967373
0.0010487681839108395
0.0010324849519057003
0.000939220610299171
0.0011056953460124625
0.0010297188857684612
0.001210800786337366
0.0012520790320705904
0.0010605042241962491
0.0010863283689326497
0.001167266173006432
0.0008224168384174183
0.0013106426728999435
0.0009060610093589455
0.0009402645509400707
0.0011376465795131644
0.0012852340546292273
0.001267280197925666
0.001254839028929388
-0.0006751038450895567
0.0009405375475580287
0.0009473828402501045
0.0005895894335180436
0.0004956535242100365
0.0010201541687684201
0.0008328868453819575
0.0009964548446785855
0.0009585383258238148
0.0007601089924690432
0.0009080584766333399
0.001117202587180657
0.0009971624560001994
0.0011301073676662314
0.001362652296565232
0.0011502308305886223
0.001167727267479196
0.0010825122226909736
0.0013064718848090208
0.001178751786045272
0.0008830008742667478
0.0012925063070589058
0.0013347582486643332
0.0011449748459933906
0.0011613361863194909
0.0012185034588346117
0.00160855902308896
0.0009101175298863741
0.0007737411864516788
0.0014149261699814913
0.0008885767493938966
0.0013285839935883643
0.001136896666115702
0.0009802789762764295
0.0013392789740705347
-0.00029655916910504686
0.0012723253502181107
0.0006713428103905376
0.0012207367554611353
0.0012699317924359172
0.0014687985380911152
0.0009636430373227457
0.001086274373524533
0.0013173904385847734
0.0014381775505921894
0.0011488428170185834
0.001436134369728601
0.001430312157524459
0.0012383105536424121
0.0011473848822706515
0.0017368379984691624
0.0010741434845573218
-0.0006458734741159642
0.0016845509259315727
0.00153914675794702
0.001096372623472506
0.0008153226089109012
0.0010727292629813014
0.0016333454732018174
0.0006710339505821089
0.0015196714513651876
0.0011693138226176634
0.001336656850268962
0.0009101765513632726
0.0013091662947963584
0.0011203422192658254
0.0007014124334224095
0.0014463755819596824
0.0010843125573811645
0.0013693677812374985
0.0012851438579036352
0.0013356588725315544
0.0005022137712147319
0.001334929340476282
0.0013682826868496513
0.0013682654655601445
0.0010614536405242742
0.0015204682995954909
0.001296810597915679
0.0008179914266568766
0.0015272010251010592
0.0013483432521110494
0.00100944124512038
0.0011318922594372137
0.0014788002481639967
0.0012729328717436237
0.0009294871435204254
0.0009588260738025769
0.0010235989401753962
0.0011784609842588948
0.0014501521446672193
0.0012871766407915044
0.001230769430337663
0.0015905442220754613
0.001217448558523794
0.0013157980205692193
0.0011812561204086434
0.0013365055769270532
0.0011486335853024949
0.0016164430208685675
0.0009371632231071137
0.0013363873428322002
0.0010119105684502172
0.0016275069985133392
0.0014650059144611148
0.0004825985773138427
0.0013597840411886278
0.0013781890117540955
0.0015737988741757198
0.0011564527362977663
0.0012546525643060448
0.0009057338042016797
0.0009271934357333274
0.0009474532427661522
0.0014995066608074097
0.00088532496025617
0.002006578797737449
0.0012898668986496102
0.00153304732108934
0.0007097157494499184
0.0007200480580910768
0.00099188578386423
0.0014392228402351592
0.0014983748641758117
0.0007228248956010146
0.0009348077783341
0.0006949655883478094
0.0006076270948380602
0.0006193034714094741
0.0008871661677397381
0.0002988373205855817
0.001126836206386572
0.0015722604755721166
0.0004538824379547216
0.0006536962372718888
0.0010736901546317106
0.0008258102727701832
0.0006643435978260547
0.0010223242245639044
0.0007713992463341853
0.0016851153963767553
0.0003216412957842818
0.0012688574175441858
0.0012845866014584589
0.0011475872596442933
0.0010099046672417452
0.0018023575497547282
0.001886783434701013
0.0018657279709607324
0.0018972437888579126
0.001887061514418196
0.0018229772958091013
0.0018434682229499534
0.0019361521480794448
0.0018878268388495471
0.0020078811172717804
0.001998935554308495
0.0019356461011048333
0.001990567921261127
0.0019270872556722907
0.001913498615878764
0.001959126311562621
0.0020328520651923636
0.0019423888171066076
0.001987303242352683
0.0020271332939342775
0.002065283540583507
0.0019842825601236315
0.001956981006520588
0.002046708092530385
0.002017597448785634
0.0019674926637980993
0.00198742902084836
0.0023345030179299374
0.00199797931029786
0.0019328372654958356
0.001961165618820688
0.0028882083664197706
0.0019593207356692404
0.0020357072992783103
0.0020083266513908674
0.002061031568744987
0.0019904194964523877
0.0019632471803461334
0.0018999974563421046
0.0019648644045576645
0.0018989250751324921
0.002145735819721042
0.001909800675495458
0.0019780748734021087
0.0021089365982949514
0.001990643563842909
0.0018492440987848636
0.0019748564458023175
0.0019145174198185655
0.002007535862296731
0.0018530761046314035
0.00194905291788064
0.0014384846276745385
0.0020393803644239965
0.001959914716069485
0.0019023764309964747
0.0018985001376930414
0.0019392126949983384
0.0019332169144249923
0.001958970513285466
0.002076818616180787
0.001883457090812733
0.0020078702764605217
0.0019228227207712036
0.002073654497381677
0.0019380946384217445
0.00193198541063768
0.0019197782964297833
0.001973623775715011
0.0020720881157198544
0.0018618482140139976
0.002042741726801289
0.0020011476134176656
0.001997748226926056
0.001898104465188122
0.002142322323921928
0.0018541904291900998
0.0018170689951376461
0.0018796224223706275
0.0017449054590290207
0.0018232073019754092
0.0019731066764118533
0.0020072213341514877
0.0019743842847265067
0.001852692641881123
0.0018838305942242637
0.0018793837537837827
0.0019248111282786323
0.001857684633802397
0.001753287860154388
0.002074799944477139
0.0019376802008495403
0.0018761091046758194
0.0018393390012130435
0.001903566934799359
0.001957176423111447
0.0019073599350897903
0.001869195835060271
0.0018590277099299222
0.0022168535379019348
0.001943054401268553
0.001899818359014249
0.002060735327202638
0.0020940607236818935
0.0017890551059053907
0.0020558865227586643
0.0021590693836562682
0.001958842718023803
0.0020436302039363134
0.0020863030406858382
0.00206734498488297
0.001961302778614373
0.0015134602970678236
0.00214550019486357
0.0020403583347486523
0.002054182418520871
0.0014303049637577252
0.0009707567559908695
0.0014559063916765053
0.0015950348117052206
0.001483143855783644
0.0017070340413327864
0.0016115030281983256
0.0016249753582061163
0.001568871560183419
0.001660540422965193
0.0014385824778438891
0.001837370342594311
0.0015488007314097994
0.0016145054167023107
0.0016045294756074139
0.001703011127877269
0.0014821390996894862
0.0018028200944115883
0.0017574220853552455
0.0018186246597810863
0.0016742797189042001
0.0016481796370704748
0.00162035318601829
0.0015626887706593068
0.0020847982797981015
0.0015674479078387838
0.0016436391357323528
0.0013817865282832872
0.0016716608913065862
0.0018519822801099438
0.0017448934448656742
0.0015318767053793922
0.0012894029118794576
0.0017035325597000658
0.001181848726208538
0.0010584435366684138
0.0017143155711664782
0.000781316480638529
0.0009284224524502698
0.0014000819616644348
0.0011491192747476171
0.0012751682108244951
0.0011619135763803335
0.0012576313417957737
0.0010651860523709163
0.0006374255973639653
0.0009841121199528006
0.00158788362818269
0.0007852916407249905
0.0013602323116334515
0.0010659943652570028
0.001961670448801057
0.0010823580265593461
0.0013285520130152685
0.0018922499706829751
0.001458903213285467
0.0014685054487238822
0.0013677294099111107
0.0010915132641672624
0.0016774029461400597
0.0013948780181576392
0.0015964335408411821
0.001537666160571005
0.0015103464518092513
0.00123788097943116
0.0011256020575191661
0.0009947034109941259
0.0014829704802707512
0.0014382521415754442
0.00107620732829521
0.0013284731962357134
0.0014094433737905818
0.0014440203111462946
0.0013502559161518589
0.0010364351812518515
0.0008350624428997449
0.0015755531099181646
0.0013948373007929536
0.001462721200741827
0.0015336803521096818
0.0009277894179222909
0.0010350924461174388
0.0014168092724314513
0.001336681800498177
0.0010878447046390584
0.0012908294043585068
0.0014233989645460422
0.001185847972079999
0.0006373170037515648
0.0009734923358239609
0.0014047924172833717
0.0017245494667286348
0.001131365160601816
0.001284667145614384
0.0010261993183793658
0.001294645678314958
0.0014265195325507366
0.0015009881257922668
0.0019666347134266503
0.0017135257848250862
0.0012365032169987793
0.0011612071867828542
0.0017931788428759735
0.0018116452022784021
0.0015014912288919097
0.001343691584156181
0.000673248527320015
0.0017043233145762192
0.001400118910428643
0.0002063363676589428
0.0012591898677408596
0.0016903802501552477
0.0009308613926226184
0.0014137806990020831
0.0016175267534007589
0.001523664024095295
0.001693014113664613
0.003395814550726299
0.0007039681738620832
0.0010330220064239397
0.00029364373729527795
0.0006378684432477225
0.0009024707089763527
0.0009616943419660787
0.0009816287111280818
0.0005660485689049182
0.0008725186190139718
0.0007338210642804282
0.0004943859827180412
0.0006195174645609017
0.0004527615761454851
0.0007091788134425819
0.0007688869774343558
0.0011211541301179898
0.0006549207347216217
0.0006118677721199631
0.0007937970530758135
0.0004403349139622731
0.0007021184448724566
0.0007961507709595502
0.0007926252080251395
0.0005384564821462195
0.0006854491182855562
0.0009683308360915826
0.0009815076176221457
0.0005119857404612383
0.001017850128108523
0.000924525844583463
0.0008622710482320043
0.0009977909185379108
0.0009450708447602483
0.0009696283441869509
0.0007954465475269677
0.00046697390920345024
0.0010549623218715648
0.0009328329552625768
0.0008500686156748997
0.0009155919563496355
0.0011269239791230296
0.0011196887906934029
0.0007758687244004614
0.0010512456189166995
0.0011762765818347956
0.0009506248713968801
0.0010287772214245513
0.0010228508851794378
0.0009123768661521185
0.0010776062319878103
0.0011019855647071899
0.000977797456237271
0.000904152690525609
0.001063302628267647
0.0012556899478450435
0.0010394772951100044
0.0010880878127075373
0.0011754955404110865
0.0009815651170768961
0.0009630056178602208
0.001005780634467769
0.0009185484553802184
0.001019825465232647
0.0011017884855870853
-0.0005866928447889137
0.0010620791596691738
0.0010472055286120975
0.0011991230359256193
0.0010483554662102808
0.0013951194346609038
0.0010803746522353933
0.0009589961604568258
0.0012253079317392143
0.0016654191120446147
0.0012008453166058944
3.509102082939245e-06
0.0006120644300593383
0.0010760651158368136
0.0012953404880799906
0.0011982429479866575
0.0008455457393566259
0.000981809274593572
0.0009030444534439032
0.0007159985919153721
-0.0005009370521845348
0.0005120120648582824
0.0017065439563434335
0.0012173938196029066
0.001207675619696933
0.0002007530017545246
0.0009524211589590827
0.0003407725289909555
0.0008098907696643439
0.0005942645867876358
0.0016097794019087927
0.000975264429759383
0.0008053349545036663
0.0004997087673934866
0.0008675473169623641
0.0007790674734883862
0.000830948670199388
0.0013378964480332187
0.0003460360406630282
0.0011982405719230336
0.0011666547098533324
0.0014889391890968388
-0.00011317370857075919
0.0009984994447833106
0.0009480752233252216
0.0004180622549851539
0.0011950596839459824
-0.00016236222504638912
0.0008198834112343807
0.0011534423359883408
0.0004728516175946278
0.00110205362492408
0.0007666944597066931
0.001054739272196626
0.0010447167465209416
-0.00022513498900126206
0.0012208521953256332
0.0013034153492750265
0.0013251252722436524
0.0011947938630551245
0.0009381645933589461
0.0010138331536638841
0.0009789430572054222
0.0008804684657268204
0.0012399213389675528
0.0012043797704168364
0.0008474506794199536
0.0010271481076311612
0.0009189746550771815
0.0011664254970554682
0.0010256950252979214
0.001046685009721482
0.0009578174463391248
0.0009162209483338214
0.0010238385254146122
0.000975704771512665
0.0009881643647086308
0.0011086091563189684
0.0012102226744662287
0.0009524888671765629
0.0008789288496842246
0.0009682099377631986
0.0010846712734943378
0.001210921297644635
0.0009706421164301652
0.001005387852024574
0.0010591382454909015
0.0009027405776510227
0.00121833815833897
0.0009943287134849996
0.0011330026154076959
0.0010460490701286703
0.0011205107262298951
0.0011149707026711564
0.001220376835265934
0.0010173858231568524
0.0008808232759611052
0.0010997867069882572
0.0010978278453914385
0.001085136541088251
0.0011512583564151399
0.0011568246869682736
0.0009625454818123495
0.001060764714668079
0.0011718780242844073
0.00043878064082348683
0.0010794773922113943
0.000987315293389314
0.0011026398439395986
0.0010960477256626115
0.0011236173034903667
0.0010922515755242088
0.0007192550981747204
0.0011499754699579225
0.0012708893839156639
0.0012737779557132338
0.001180380595506692
0.0011920432452759962
0.00115241281788535
0.0010012677292211504
0.0011023063096480851
0.0008184152215290969
0.0011911017768098965
0.0011374559041553633
0.0012455777443782679
0.0013512291321449794
0.001181805708249701
0.0010973870242627559
0.0011552543417052484
0.0009081603752614302
0.0011719967270570147
0.0011160690966411267
0.0011247621101921053
0.0011499529391147169
0.0005479253577412004
0.0011747895049930071
0.001025455639364187
0.001809788374906397
0.0012075748916834618
0.0013720987443582803
0.0011297057561491179
0.001144920978750382
0.0011515867332308695
0.0011504532317319625
0.0010308421567513865
0.0010710978174593763
0.0012415065899839502
0.0010706063884250788
0.0011846273324637475
0.0011330817752603995
0.0013839328459312608
0.0011954970779215486
0.0010949266117040073
0.0011377226069202737
0.001066157242680793
0.0011164058125770944
0.0012687809849864357
0.001111451853051661