682.9583622
696.4510756
590.2068008
603.7161693
674.1533657
707.2172103
588.8119362
707.165857
669.5287994
707.2886884
607.8549618
702.6231783
699.3740458
642.037474
677.7272727
729.1873699
569.3122831
688.8084663
580.6918806
681.7022901
693.2387231
652.9007634
633.6058293
612.3941707
709.1332408
644.3053435
652.3254684
618.8750867
654.6863289
710.1623872
697.3136711
671.8112422
622.4906315
666.2345593
666.2602359
554.3240805
643.2512144
607.351839
609.5086745
562.6828591
574.4642609
690.1047883
684.2581541
627.5718251
683.03678
635.5447606
666.9368494
582.1380985
557.0902151
657.0888272
569.2553782
655.1526718
652.9514226
625.5093685
632.4510756
609.9930604
607.1138099
582.2137405
657.1096461
632.1276891
659.0124913
603.7342124
556.8445524
673.9646079
746.9361554
757.5697432
712.054823
734.4427481
704.5655795
674.0353921
760.1034004
764.7841777
711.0346981
732.1283831
689.147814
690.463567
733.297016
739.2435808
749.8119362
733.3032616
659.8931298
754.4781402
717.9604441
651.6460791
730.3955586
701.943789
689.0145732
667.3136711
704.166551
683.7911173
752.4753643
745.3490632
654.4059681
695.2928522
707.07356
730.2185982
635.5995836
684.9222762
713.7002082
695.462179
710.5412908
621.6044414
743.962526
727.832755
657.3206107
640.0478834
650.8688411
746.8348369
741.6786954
666.9500347
702.4795281
717.6058293
599.8931298
614.0804997
623.6953505
732.6592644
693.6537127
689.0395559
719.3726579
634.6745316
648.1464261
698.4600972
716.315059
620.2567661
679.5822346
667.3483692
573.5884802
589.2449688
552.9125607
615.8528799
641.8417765
615.6502429
561.7689105
610.1082582
638.5399028
620.3136711
620.6176266
540.7841777
744.6689799
766.0402498
741.92644
733.1915337
772.6134629
778.0041638
764.0055517
730.4982651
754.7938931
737.999306
756.0957668
734.6224844
705.3997224
766.9548924
770.3490632
766.2831367
770.3761277
705.6280361
771.2560722
753.7938931
769.019431
755.3157529
733.5662734
720.221374
743.4656489
761.0985427
712.7238029
775.1179736
748.8258154
756.5537821
767.2519084
753.5836225
765.5517002
750.4247051
720.9895906
713.2172103
733.1519778
767.2158223
730.8625954
748.4732824
708.8084663
727.2373352
760.5412908
759.3261624
693.425399
767.5170021
730.8355309
747.7182512
766.4600972
691.8792505
694.5447606
769.4760583
718.1006246
692.8841083
765.1575295
704.7175573
747.0971548
724.2831367
701.4878557
762.8931298
748.5260236
767.2512144
719.7855656
750.8369188
774.6578765
781.0818876
783.1922276
753.129771
761.7758501
760.6467731
734.499653
755.184594
759.5530881
769.6002776
705.2581541
749.8098543
773.7015961
765.8924358
770.7758501
756.6946565
752.2470507
718.3629424
765.1394865
739.2269257
775.8265094
749.9042332
600.2359473
580.3018737
555.3768217
570.5197779
589.6696738
581.0478834
551.5711312
679.2179042
685.0083276
667.7487856
679.9944483
654.4607911
735.185982
712.6967384
684.0784178
623.4725885
667.2796669
558.2206801
580.7640527
658.7515614
649.5267176
560.3615545
554.037474
642.4712006
618.5052047
568.5870923
579.8667592
558.0242887
611.7015961
599.6335878
543.3476752
594.8598196
567.1325468
552.0603747
630.278279
694.9125607
700.925052
589.6141568
602.0083276
672.9340736
597.1325468
609.555864
641.092991
545.9500347
615.8632894
621.2526024
552.944483
665.1714087
665.4288688
635.295628
662.3726579
620.740458
550.4295628
575.222762
576.277585
698.7168633
712.1693269
670.6516308
670.6190146
677.1679389
661.0013879
667.11034
634.2068008
578.4850798
603.1221374
590.2990978
638.2741152
545.5593338
537.3317141
575.0076336
556.9389313
583.2720333
546.2519084
646.0936849
571.332408
548.7578071
598.4899375
636.9597502
635.1387925
626.6433033
632.037474
623.5697432
686.9139486
643.9666898
625.2463567
622.3636364
653.8570437
631.7848716
650.7973629
761.2685635
688.4205413
661.870229
710.1228314
672.8639833
685.2061069
667.1547536
671.7612769
667.92644
675.4045802
652.9507287
610.4913255
613.0936849
672.3664122
553.9181124
635.7605829
584.6641221
664.9653019
555.0430257
561.7800139
580.8584316
596.0992366
605.7383761
599.8820264
656.2546842
618.9410132
605.4371964
679.2505205
565.6897988
695.9125607
660.9847328
666.6544067
616.4385843
674.2380291
599.1589174
645.3941707
573.5857044
576.8813324
703.297016
554.2553782
573.1138099
651.5239417
589.5287994
634.5614157
609.5628036
560.0693963
562.8230396
569.8369188
650.6835531
709.9791811
638.5593338
680.2359473
622.9770992
590.647467
571.6932686
689.9986121
572.295628
701.054823
558.3782096
576.8584316
595.1533657
698.759195
698.0659264
698.573907
705.6884108
684.9708536
684.018043
644.6578765
677.2984039
677.7633588
705.1380985
587.7515614
610.0041638
605.3587786
597.9653019
631.8667592
608.7439278
708.1741846
719.7876475
736.3428175
619.8292852
603.5065926
601.9965302
612.0416378
652.4038862
688.0
593.6766135
586.7682165
583.9528105
606.9979181
692.295628
640.8861901
670.7938931
642.6696738
672.3247745
662.7480916
644.9986121
726.1228314
608.0499653
669.7085357
618.759889
616.1131159
698.3372658
645.9680777
689.1034004
616.3580847
651.9493407
702.5947259
641.721721
566.6127689
681.4857738
588.3615545
597.6349757
577.0326162
686.0402498
703.6620402
610.2852186
619.852186
741.5329632
621.278279
633.3539209
631.7876475
742.9833449
628.0326162
717.4552394
620.074254
618.0853574
620.3560028
718.44483
627.3837613
718.7862595
651.6835531
696.3074254
