0.001397170651913604
0.001413809185516198
0.0013048340255583215
0.0013322845592091583
0.0013419582958845509
0.0014122771571665061
0.0013655899222424174
0.0013576740593068866
0.0013329260538835032
0.0013841252085124401
0.0013127155328405394
0.0013538544829353235
0.0013292137196868972
0.001339673105136932
0.001341239520827857
0.0012779626045335798
0.0013478627933265627
0.0013822610505340104
0.0014107646990266143
0.0014723161283376057
0.0014596659741773189
0.0013254446005871992
0.0013921188778917666
0.0013598267832115839
0.0013334608666115619
0.0013253138555891582
0.0013569323444754618
0.0013783461877419725
0.0013913879426773292
0.0013607955654798196
0.0014046538341689328
0.00134091430530041
0.001344357175957279
0.0014195499220393162
0.0014251879178024949
0.0013493271244768618
0.0013523308978200018
0.0013180676469069924
0.0013865308529105872
0.0012713991169280875
0.0013242150828379762
0.0013572611672610123
0.0014088922221700757
0.0013851265134813512
0.0013814988160611948
0.0013409887962108327
0.0013823438592700293
0.001318115240752246
0.0013123034589860394
0.0014604456957336839
0.0013789305810100923
0.0014185870130998032
0.001386363543944733
0.0013722070375105733
0.0013459421573191938
0.001305267541882422
0.0012604890692436434
0.0013219387801599333
0.001409618124223415
0.00141282903515628
0.0013531189490348387
0.001295278170933677
0.0012990894595462414
0.0013775962971097858
0.0013268829753218872
0.0013161386728147777
0.0013378684185886907
0.001313528902886198
0.0013198517126848071
0.0013230767184399996
0.0012914861704561996
0.001280381681275062
0.0012729836109604542
0.0012746155538233609
0.0012882020915561286
0.0013324614122106363
0.0013011758246756508
0.0013114058928590086
0.001302030300251506
0.0013249794641330473
0.0013378061778615898
0.001311993657683781
0.0013093043314656137
0.0013372812832681393
0.0013434633572159767
0.0012925337386711462
0.0013451911923884183
0.0013412557719289307
0.001365714962828341
0.0013299471406969673
0.0012674368143284606
0.0012859212675196937
0.0013864788331102264
0.0013183448773396089
0.0013000992774920422
0.00130535867146828
0.0013147107613633608
0.0013009384063694522
0.0013894783250282424
0.0013238372394913163
0.001276817324092284
0.001354043511318362
0.0013265481005759472
0.0013159088145066728
0.0013104963038052069
0.0013093703773904824
0.0012853715341511287
0.0012894498059850075
0.001336314364781011
0.001302942316926666
0.001322452257237771
0.001375680458238576
0.0013882296972963749
0.0013120414885885309
0.0013328954154711158
0.00134628868380326
0.001292940427009673
0.0013278563578704218
0.0013924283687327497
0.0013382638571706226
0.0013646441780971338
0.001323304408389293
0.0013411115468461219
0.0013138398022304874
0.001315092207951132
0.0013512995049458085
0.0013866043165205477
0.0014120056833475101
0.0013581914733126694
0.0014804671960690994
0.001430608064849773
0.0013821371210604283
0.0012468617920877478
0.0014076899984601
0.0014279146001402458
0.0013792151777349748
0.0014777249550966957
0.0012513327360773293
0.0012727799509843923
0.001247123087565886
0.0012985785994239572
0.0012285221837070152
0.0012181548060058586
0.0012213656437999208
0.0012311019145215053
0.001270621419276769
0.0012626055080740385
0.0012776144717148482
0.0012466639026253072
0.001322381165579152
0.0012764080202164385
0.001262214922241715
0.0012540938540976654
0.0012706583118444977
0.0012258921624773743
0.0012304657126222124
0.001262327018031333
0.0012779871681484073
0.001269314097815414
0.0012937727188688576
0.0012614387648377892
0.0012558012924660685
0.0012433264240766183
0.0012422400457392825
0.0013158667694986195
0.001257818961284293
0.0012607013461793369
0.0012464936722703585
0.0012571052967699432
0.0012900126358548196
0.0012151312548340772
0.0012579866872717963
0.0012764425364803387
0.0013346242397768563
0.001310633217989089
0.001277289014235772
0.001279670708152145
0.0012538485345410983
0.0012459968558731621
0.0012639407598657255
0.0012831196537494314
0.0012737675932721687
0.0013345460013176119
0.0011981057384205611
0.0012821677571005874
0.0012619027159988818
0.001248811040044604
0.0013078779335494695
0.001315435149552216
0.0012604274196646385
0.0012780122873917031
0.0013239789296109025
0.0012977605837505405
0.0013225096053358753
0.001313867318879049
0.0013277366258696486
0.0013301688919375417
0.0012919888191396842
0.001168532887428907
0.0012193480054218163
0.0010480681748159244
0.0011868953600232667
0.0011859908675332777
0.001219659493883029
0.001199290202307885
0.0012341633992725134
0.0011231469243802158
0.0012309945202829441
0.0011281952328190581
0.001230674369103536
0.0012597503628485934
0.0012193381478488288
0.0012482765415255924
0.0012703908019010607
0.0012769888207618324
0.0012579231405646675
0.0012456024955604277
0.001277270066558694
0.0011812092605672855
0.0012101025468341058
0.001259999469464136
0.0012371007493672623
0.0012268481731842415
0.0012600005082166552
0.0014113169631873057
0.0013468662084160352
0.001315658543294003
0.0013469006604524343
0.0014416263832195378
0.0013911617437317538
0.0014455864504002622
0.001370069097069882
0.00133233086444659
0.0013356986963088708
0.0012840227310102427
0.0013546128972781112
0.0012576027693924463
0.0013187468988092093
0.001330489198273603
0.0013214353271881576
0.0014038940955086213
0.0013336225952594058
0.0012864598235759433
0.0014177407407908872
0.0014209121635567307
0.001297546129976951
0.001369281704998237
0.0014366907583789868
0.0014529320246080863
0.0012844761649597365
0.0014087706566636186
0.001283968578882658
0.0014755687557995775
0.0015296347222902712
0.0012155581499839296
0.0013049950014212362
0.0013988710220300652
0.001299521276504429
0.0013966880894415777
0.0013364165434868102
0.0014096973511158843
0.001314679577462899
0.0012726923309380367
0.001419066677161018
0.0013065592634562222
0.001436441801813671
0.0012377045338637105
0.0012599266571901222
0.001409314605342135
0.0015086879495851662
0.0012724038111257708
0.0012667926614155724
0.0012559885002911084
0.001147863076266546
0.0013198099266990661
0.0012347832414981914
0.0013738853019175784
0.0014054701149409747
0.0014273651016349772
0.0011671321626051073
0.0011934190279818111
0.001340686745335853
0.001374810357725938
0.0012795954738790299
0.0013155571421226352
0.0013249979341109013
0.0013231006400245774
0.0012745145727655774
0.0013242288455205097
0.0012555068707628618
0.0012929096516887885
0.0012762146648902272
0.0013628610760341264
0.0012950460666391614
0.001286229582010717
0.00126498854315188
0.001289118772607796
0.0014533667382690151
0.0013010852203782656
0.0013437127531980273
0.0012551598334179619
0.0014518314381889669
0.0012624539447303026
0.0012956717859447019
0.0013317197660904876
0.001312121224734943
0.0013965050816510747
0.0013120807400619633
0.001338085561085235
0.0013149724790998847
0.0013100843108404849
0.0013339216927066885
0.0013066405571594585
0.0012431544107780216
0.0012780233807701538
0.0012719003590860253
0.0012180852882766199
0.0013014814534143275
0.0012983588375871597
0.0013711320953499829
0.0013327841565816316
0.001357036099736827
0.0013008467155638792
0.0012917991346284093
0.0012733898467959415
0.0012808805320916234
0.001310949690295354
0.0012006845339533974
0.0012818097865440368
0.0012292606322632555
0.0012599274729751919
0.0012903956786954381
0.0012351827297166597
0.0012248735575156435
0.0014163567117823116
0.0012318920463444483
0.0013943398689947022
0.0012370152425853005
0.001373761451473686
0.0014241384792050842
0.0012707614471480057
0.0012352086591603023
0.001284863992091775
0.0012964173844195496
0.001259212365816522
0.0012338948995408853
0.0012766726155219626
0.0012808734949533397
0.0012389797296726499
0.0013313656581763038
0.0013947076290117533
0.001199015526954624
0.001221551396529143
0.0013450271586034606
0.0013303394332980067
0.0013672145284311776
0.0012325774915305572
0.001191760083988373
0.0012623708878969529
0.0012471880815620416
0.0013140370479687896
0.0012562661806265042
0.0011916912167547625
0.0012640689082127243
0.0012318168904274008
0.001183295737822387
0.0011623187778742698
0.0013828417333476809
0.001251085858895829
0.0013091757509325057
0.0012045159589820504
0.0012495670856409857
0.0012615444205243192
0.0013446413414802624
0.001101750963984384
0.0012430964202333101
0.0012531095189350675
0.001220138769138082
0.0012445756603791341
0.001245087130304901
0.0013038645544175402
0.001267242803617575
0.0012880923232401432
0.0012597643488961748
0.001205808555534885
0.0013200411664048128
0.0011606290979932089
0.0014042785629306087
0.0011992743572840634
0.0011940382661484053
0.001207490519774056
0.0011163471188578556
0.0010983481246039247
0.0011258292964337936
0.0012017850375345507
0.0012862454104963226
0.0011910782335497253
0.0012363091928200955
0.0012208928361132308
0.00132397272287771
0.0012663250656214488
0.001231921570809703
0.001238632296579051
0.0011585435632459823
0.001191755188288251
0.0011671644314164154
0.001194241603948251
0.001202235005275563
0.001204414645496117
0.0012138541022012315
0.0011908889817499023
0.0012402846204889256
0.0012379933839814794
0.0012464308004330837
0.0012161755618043102
0.001253737574926593
0.0012463801707620111
0.0011772318781703363
0.0012468059594353195
0.001182543708092844
0.0012325742789898837
0.001305282137367904
0.0012213106647411174
0.0012133674266767034
0.001207479735684067
0.0013278139176649485
0.0011857585185668714
0.0012645247704125568
0.0012277225239903271
0.0013192809748586842
0.0011813590822205222
0.0011298750724791774
0.0012489100694044227
0.0011471525150789903
0.0012432548107365318
0.001135917171650921
0.0012826953802414
0.0011820020111726656
0.001200288351513851
0.0012348275903017372
0.0012665800493103197
0.0011833977093462366
0.0011694930862285544
0.0012008767216849215
0.001237411122476388
0.0011523626502775808
