334.18964424999996
8.967412475000003
287.289444925
361.2520268
6.532257339999999
320.30650995
371.05880175
94.97146883
228.47021634499998
128.32588100499999
348.02684874999994
227.824116135
306.686000565
158.98470539
486.3167008
483.61164809999997
369.32464275
26.955997739999997
34.875681750000005
96.82249360000002
533.11527745
127.60426132999999
129.41105037
322.52497024999997
405.30300895
201.157961865
109.43136067500001
48.43591518499999
296.112274395
530.72894105
409.70087375
212.58830627999998
499.7219101
356.91244505
109.624842005
41.620529475
515.84392825
181.442291485
536.77996575
299.9523113999999
524.57111315
329.28625659999994
357.22986635
188.10693709499998
20.970031319999997
230.37115569999997
428.98375169999997
426.2886621
348.92052929999994
510.46152010000003
291.99028467
536.56705655
486.31809555
422.60205505
394.41186155
409.53728165
42.21512099
196.72851407999997
406.40063205
343.94620539999994
346.2557273
263.73742384499997
154.93723882
-4.731306579999997
198.40179901499997
424.2269199
279.28278395499996
424.3032367
367.48756625
420.04873890000005
355.72654984999997
435.20444625000005
272.08262738999997
309.9695046
425.01070885
174.70431824999997
316.6680244
357.93006549999996
349.72793064999996
384.02255045000004
321.8906263999999
395.05576985
357.1944974499999
384.39556505
107.73436379999998
412.80105894999997
369.99485355
417.90978355
395.20262460000004
365.3765073
297.785559365
41.51123539499999
392.71247365000005
411.20100210000004
412.50804734999997
27.275510954999998
390.74378595
409.33582970000003
308.79357243
363.33399375
130.99098207999998
396.7272617
416.3212837
416.1429461
354.18218605
73.404873325
415.71364065
397.3514433
390.6954653
382.5493224
411.74906640000006
360.70784785
14.800446920000004
288.53192998
333.66469395
398.81401070000004
378.5137118
383.7238601
261.79952175999995
305.709328225
331.49435515
210.20515799499995
2.2740734450000026
324.2032367
229.37933959499998
367.73046415000005
334.11671509999996
226.699294045
2.5924907400000023
313.13126109999996
82.62442926499999
273.18612867
141.20673783999996
404.10246800000004
0.4218531100000007
1.8441702299999994
288.47284942
443.0373528
-0.6069256899999999
0.6761087550000013
1.1061115799999994
16.876834624999997
1.9742869300000008
243.14022771499995
102.19005692
0.21721322000000143
1.608047245
483.66116435000004
496.43770855
33.891337899999996
186.56327070499998
0.6144378099999996
266.83960149
2.5247423950000005
315.69583535
100.86069454999999
2.3525818399999996
52.72727582500001
472.0233903
485.2430884
0.5956077400000005
54.21066608999999
3.846931410000001
15.541793330000003
156.57465698
0.4394876150000023
462.6027812
456.13370915
296.587808125
70.642334175
449.92018785
4.993572430000001
467.01648735000003
144.90828922499998
190.09106745999998
362.81213219999995
1.8095986300000042
1.2823569499999996
105.612544835
183.63614289999995
61.61386850499999
445.52610865
6.318252220000001
394.03496160000003
410.80118695
43.51439512
3.8281013400000017
153.78601479499997
338.49365795
171.07998008499996
7.202069454999999
2.1346911599999996
407.65616850000004
3.197543405000001
73.48786507999999
369.1339512
401.55572730000006
14.943216609999999
265.93366639
90.02912611000002
4.474500415000004
243.15248219499998
3.820130930000003
271.97004555
397.42477075000005
4.377759750000005
279.045764305
358.01943344999995
23.847344149999998
155.39394251499996
113.294711075
11.556794760000002
7.141992585000002
245.00330770999994
291.44520923
398.0799375
402.32417295000005
195.80125816999998
179.991181335
40.506865909999995
234.33373753999996
396.5520125
233.23442072
65.30824650000001
405.66277255
394.4370682
287.03329634
321.92788774999997
395.82481365
164.24187874499998
114.12622259499999
117.54362938500002
382.84083985
371.46578980000004
392.52407355
345.161691
389.7348336
386.0067806
96.03471962
255.644682615
389.3897154
392.37552515000004
239.360367225
391.78970110000006
388.41882135
410.0837517
398.7187645
176.44485341
387.85013365
291.56406775999994
384.6987389
331.1284144
402.91617414999996
373.34540845000004
33.765007115
387.36692854999995
104.82257898
405.8892313
208.54193566499998
166.77497011
200.14771419999997
385.84378595000004
408.8156618
460.4822572
296.91897808999994
374.53578715
405.86581839999997
413.5048449
388.657535
395.40606875000003
415.8086877
269.66749785499997
396.85996875
410.58578715
336.0293111
409.33881870000005
424.04798450000004
391.08362370000003
400.8181667
20.760409915000004
410.89882435000004
425.66976095
