0.13449580046984563
0.03907444515370082
0.9828458592632436
0.7819117026842971
0.03969061664755038
1.0130284263809757
0.6143065203857951
0.4721642945760955
0.9204978328110857
0.6386551239108299
0.8557998330954962
0.907689332669398
0.9752354864275035
0.7007278396930734
0.11815087058953602
0.0035298759206639123
0.9280000475587891
0.005637313015496884
0.09735180720237177
0.4827670319313637
0.06252501108506962
0.6594377998170584
0.8404152122692423
0.924732372714763
0.8610176250792054
0.8594378672193358
0.5609323097197012
0.13982175054159154
0.9244767263771938
0.007797189634824325
0.055461982968026485
0.8947399009746076
0.38195745358627864
0.9743505592330863
0.5625120687309593
0.07564815228844499
0.13642953001345418
0.8586971491202642
0.037163658405790924
1.036547820699441
0.5564322923485314
0.9667270772646247
0.049775507394583376
0.8540004815173106
0.023634107030431846
0.9836127962034517
0.10517849529307466
0.1390220384092344
0.8935862178493444
0.28267847227019977
1.0788702760194058
0.08457935979507615
0.608357843965992
0.24772057676596704
0.6569927792102551
0.8070337985794412
0.18790278586753345
0.9685985336207616
0.662997173157351
0.9046478062827571
1.0358202134601733
0.9790078977107939
0.804673993495254
0.030208787225396026
0.8993447994672651
0.0922028429149258
0.9721906823834809
0.22442733055947042
0.7023338184665789
0.20721713839278297
0.7127923449994187
0.865475035322331
1.0502838544727573
0.9988466515833472
0.25270566635919456
0.9043626629861147
0.45352183245365413
0.030880676246538032
0.232254018765312
0.035901817883324375
0.11941271076658609
0.10536859078579003
0.031673833064132205
0.05649112040917809
0.5708697129080349
0.07358987740614144
0.002795713942327485
0.26130256824151493
0.23231629126195108
0.03426961911729379
0.11166140522635444
0.29844328396674596
0.12014687239950622
0.49834502498660393
0.22090400995356954
0.1910262510405194
0.02072695780324159
0.06253484440263063
0.4510079836900325
0.83509581843337
0.7513096141893608
0.2846089246169824
0.10516210781213896
0.28904666983692945
0.19674877923321527
0.49631624844504
0.3963358802276352
0.594041691778635
0.6937205287579062
0.7777132153998725
0.27573343417708834
0.15020489429368247
0.1239455035601826
1.0325394293682875
1.03203797001071
0.5344861016114226
0.7013767871850439
0.42788189029569107
1.0293897435119432
1.202796114671549
0.918285514940181
1.0836390497819763
0.03511849357731943
0.8767037759922051
1.0235492251801768
0.5417982205209944
0.8420539669257299
1.0426702043250518
0.028897784260122107
0.9744751048020585
0.564514626201109
0.9565471384833868
0.8158830685662553
0.2476550268422242
0.006915541018899303
0.0353544740857381
1.0162469384367783
0.5964080514867525
0.0020812173325857374
0.02126119154699597
0.003359445335988074
0.1689850126146223
0.039264540646416185
1.0585202308533805
0.7126251921872633
0.012169385621861485
0.037711002088238264
0.048428451810056776
0.06956837556060058
0.3081348737896552
0.9913739332190229
0.027770321587939455
1.0485500535091472
0.03974961171708566
0.8879489047187088
0.6778147848174241
0.04360068320822846
0.44297809039819896
0.11791816727794346
0.20601429317012934
0.001163515176296899
0.4601456744005926
0.0542394727221943
0.1571630429011812
1.037881766230136
0.012080892902419753
0.07815872293412972
0.09972472268580773
0.9861856387700816
0.549415148326081
0.38356671047772095
0.06405233045669455
0.3620662604195082
0.9083874426041758
0.9044052699990198
0.759162523193699
0.03023500733305981
0.021316909189427358
0.760801276353382
0.9674055209096969
0.4885026698324749
0.2091672554173274
0.07926652046799523
0.6895613722106718
0.5242701102109318
0.382796496225548
0.059925948295637244
0.735980711120677
0.815437328117637
0.9579171364030572
0.07826032570740335
0.03668514218932924
0.7113862951513285
0.029268142503685982
0.6002394587606888
0.8270003738361275
0.5718431329370329
0.15099149602679124
0.9328212608458541
0.6636330101349343
0.050018042987487625
0.9582481655213748
0.02788831195728772
0.9744783828048567
0.38984313755248845
0.0359804780911768
0.9551804179908203
0.6277410245329214
0.21602707867865648
0.941595149088169
0.7796633324244169
0.11452922440718778
0.07067617320960479
0.9498741331725307
0.9099999760016115
0.426626604627432
0.08438270979356963
0.8782704246042147
0.9718498215595459
0.3490774983329442
1.0743014304914176
0.07534006642638136
0.9540136244663092
0.5198290877941587
0.35480002687105655
0.1346203458085403
0.9918819470853912
0.9560587895250584
0.08361249554139658
0.9711353244892487
0.6454198994833705
0.8020093785944405
0.4935074245640197
0.6245225122468415
0.17886997547248973
0.7968636926552092
0.08832555143125814
0.6562028997046261
0.7325950460224413
1.0202291103511012
0.08874179480566426
0.22667897836159298
1.0569798029247286
0.07450757944729143
0.17548758757108046
0.31471938661134746
0.07422243638092679
0.997165289223121
0.11051100010388935
0.890675790734495
0.13135594827647928
0.7096852688041736
0.06647113095583382
0.418606544422882
0.03098227855925634
0.2418669483803687
0.5877095467160195
0.07639214643295426
1.0072534583183688
0.8809612583461646
0.8326671851923639
0.1443545432200492
0.0644947938236256
0.6436434911614387
0.8840388386185859
0.5325851472599632
0.07438631176597828
0.07651669165651
0.3880372310049561
0.31913091172363073
0.06678577167210507
0.9864970028652206
0.679322438705315
0.09876769048316214
0.7785063721023276
0.055704518560930644
0.11369346000099403
0.4586609634235391
0.5300581889030651
0.003090689635420288
0.349755942783988
0.08170498610545181
