142.981215
1825.550832
1717.017387
1906.896089
2559.0
621.6448924
2051.821624
2156.652115
2239.575547
2483.747414
2130.179228
2322.935387
2394.938198
2293.607779
2372.730845
2395.956599
2256.333484
2160.971301
1944.435039
2209.880723
2439.952776
2100.406532
810.9925947
2178.359673
2223.776856
2167.704107
2071.928387
1991.604618
892.8865377
2369.11613
1057.966201
2123.555641
2174.274524
2498.592258
1892.546378
2038.095814
2362.368661
2073.778702
2338.675289
2142.828188
2225.323452
2052.13187
932.0700368
2446.125396
1684.951014
1574.614293
1048.635251
974.6894312
1972.261309
2313.772198
2394.656319
2261.018457
2028.116329
1009.576995
1161.896479
2339.352656
1708.08508
1548.334351
2363.204979
1392.214909
1919.169421
2446.101256
1815.39925
1003.0
1946.621762
1013.315935
1493.145389
1196.069613
1416.08197
1123.803125
1267.331735
2001.005192
1469.874511
1317.297888
1083.861363
1445.716528
806.1594482
676.4623429
829.8509472
729.0104336
150.4858782
916.1998671
590.2149294
645.6385206
862.3467248
699.0399471
530.6153564
915.5505438
616.7800211
562.7566834
259.3176739
1513.32302
507.8121692
976.8955361
782.522811
1441.223366
476.9512429
586.4117797
345.0839853
1023.439448
1566.824549
836.1053278
559.7728021
641.9490081
448.502237
1492.530822
724.2286638
808.2930149
861.0657694
1154.334955
612.0899411
420.078722
1386.4868
994.9410428
914.9032299
696.8203689
780.0071039
508.0539205
835.432584
967.6735309
753.9888029
1180.178197
1359.97008
671.5906352
1500.141983
478.8817659
565.5816501
809.8073308
1389.121829
728.1079855
1685.975653
538.3381266
787.1936825
1768.81912
1125.172797
1361.449735
702.467403
1740.696386
1282.048227
1044.274622
962.1328271
1414.643311
1096.108339
675.6015773
1543.441482
1256.993336
1018.559407
1936.049607
1861.074265
1463.517554
736.4387938
937.3624505
653.024947
1178.131819
2108.161508
1605.121175
1308.064679
1516.65979
1829.329126
1913.837813
990.0888879
1440.466597
912.2148165
1360.956744
629.85237
831.8563927
1724.585677
1798.861253
1575.109285
1493.258238
1882.388223
965.4463945
1962.661324
1416.886522
2042.07359
1631.759679
885.488846
807.4024444
1335.90027
1546.323706
597.9883353
1771.357167
1015.165796
1938.884135
1853.065675
1253.899558
938.3290629
2097.289079
1603.735655
1391.843109
561.7372599
860.1102387
2445.626866
780.821869
1308.745781
1908.590928
1822.875036
991.0355855
1991.424803
1231.069776
912.5452526
2347.940744
834.7691235
1368.919844
1578.85576
756.5789349
1879.749901
1769.452811
968.8689772
1208.086443
1127.952677
888.55859
811.404014
1343.629233
1850.669182
1740.361946
1659.763836
1934.513794
1261.506729
944.9256547
1183.048775
1512.731103
1826.536942
1025.294386
1716.903278
1636.783648
1237.386719
1158.845606
1487.639964
1083.12385
1774.30908
1002.35218
1692.063636
1289.84049
1611.778875
1214.267757
1537.410431
1138.269396
902.0194532
1060.04437
1462.424278
1666.416623
982.9285569
1385.312003
1588.15623
1195.928016
1309.149837
886.290298
1512.438896
1723.287464
1437.490713
1642.428027
1284.620913
1564.157951
2015.913015
1488.097481
1776.774207
1208.720581
857.8918474
1698.053927
2196.579332
1411.327063
1133.159707
2417.478155
1618.019742
1540.84184
1260.055453
1184.238309
1464.771307
1389.149481
1108.989919
1673.751359
1594.345612
1310.481219
1518.301575
1040.269483
1234.509127
1439.851825
968.1665994
1783.578657
1363.856594
1086.339287
