87.0719579
394.5707753
446.9248706
708.2892392
903.0
832.974729
754.717465
885.0013745
875.8106402
1046.46925
964.1832787
1226.076829
1189.495058
1297.318795
1311.809063
1382.639608
1371.355321
1221.88265
1399.954313
1292.040316
1536.126913
1379.073994
1647.650034
1371.294788
1503.902633
1446.908775
1453.409742
1661.004684
1788.855716
1517.857182
1712.137334
1513.630502
1564.672101
1688.215146
1753.847949
1523.520504
1724.327962
1656.405784
1649.634033
1696.918682
1710.844035
1733.418939
1878.35406
1748.405012
1912.435932
1882.552726
1932.320518
1945.871994
1742.187459
1783.800972
1804.882797
1841.5004
1805.552308
2015.168884
1988.866089
1863.736393
2049.316786
1958.418853
1933.027454
1977.490848
1887.853425
1947.568654
1969.33432
2159.0
1815.842229
1866.136546
1893.604799
1893.845208
1904.875621
1915.278674
1930.249192
1876.90285
1968.799988
1993.159089
2002.419681
2043.251806
147.3237222
223.3220079
297.344925
287.4489819
205.0808817
310.4260564
240.0339844
304.7391634
219.9880823
372.2937017
399.4786424
391.8798945
390.9299036
319.3810728
276.7269627
342.9336407
481.7545299
451.1763064
356.8851888
395.2453334
559.0224112
466.6397887
417.8484261
524.0160722
421.5144738
417.2540498
546.9515281
532.1766784
637.1154817
493.8055444
516.8154256
501.6415192
563.188304
570.250879
607.6788721
721.4846019
508.2730609
609.8672883
626.8014424
594.4846078
579.7286928
701.5265473
643.4037229
691.7938818
659.0962189
720.1553763
586.5153911
674.3137629
644.2449279
784.6059733
768.0355502
723.6904617
728.1224985
738.5812109
742.964167
851.7781646
803.0122212
725.6314007
858.3329178
803.7922531
815.3707633
818.5583391
818.1641245
873.4186585
890.5006209
870.3932822
934.0437334
894.4124578
924.3065592
898.0209745
951.5430324
838.6650582
853.6775859
933.1322967
962.2048132
968.7596304
975.0632232
916.7212811
823.592516
987.7793741
956.0436593
996.3951997
928.9311913
917.6257612
1028.688324
1009.452719
1049.090105
1015.556155
1051.494526
1063.396557
1016.543631
1001.267963
1059.102198
1070.491978
995.1250814
1107.75688
982.1860773
1088.860955
976.1133473
1120.413422
1123.790381
1141.780928
1105.246909
1135.803097
1138.529668
1083.996649
1164.96911
1059.388915
1072.144646
1120.588989
1183.947131
1045.707183
1200.279128
1170.584107
1198.803031
1200.659524
1121.966277
1219.016837
1179.952911
1140.116743
1151.39495
1243.7314
1127.156441
1195.52273
1257.467684
1115.904481
1277.436635
1243.983901
1280.06665
1297.442354
1211.996428
1296.509097
1320.074068
1273.075865
1290.057586
1337.159219
1354.991715
1319.789916
1287.056541
1376.283606
1374.202577
1275.499398
1333.668899
1396.555518
1351.076791
1404.395121
1364.853972
1379.253072
1441.696792
1450.399564
1410.238859
1426.81245
1479.159274
1441.377538
1508.276868
1456.81436
1520.248146
1474.061622
1525.932884
1488.380753
1534.827131
1501.539921
1549.533872
1520.291181
1551.995824
1580.292237
1536.899117
1567.851845
1595.797937
1564.390041
1585.168581
1626.903853
1607.762327
1648.817811
1625.375834
1660.721873
1657.591333
1672.735207
1588.260414
1684.556337
1712.211462
1675.18562
1717.219207
1725.816741
1634.62567
1696.602962
1692.850194
1671.825607
1736.732748
1746.994224
1730.370723
1749.799023
1759.155734
1773.671791
1768.219411
1801.953051
1809.622476
1783.903667
1820.294202
1785.493548
1805.626123
1830.78957
1813.928141
1830.387299
1846.200906
1845.830294
